0 0 0
0 1 0
0 2 0
0 3 0
0 4 0
0 5 0
0 6 0
0 7 0
0 8 0
0 9 0
0 10 0
0 11 0
0 12 0
0 13 0
0 14 0
0 15 0
0 16 0
0 17 0
0 18 0
0 19 0
0 20 0
0 21 0
0 22 0
0 23 0
0 24 0
0 25 0
0 26 0
0 27 0
0 28 0
0 29 0
0 30 0
0 31 0
0 32 0
0 33 0
0 34 0
0 35 0
0 36 0
0 37 0
0 38 0
0 39 0
0 40 0
0 41 0
0 42 0
0 43 0
0 44 0
0 45 0
0 46 0
0 47 0
0 48 0
0 49 0
0 50 0
0 51 0
0 52 0
0 53 0
0 54 0
0 55 0
0 56 0
0 57 0
0 58 0
0 59 0
0 60 0
0 61 0
0 62 0
0 63 0
0 64 0
0 65 0
0 66 0
0 67 0
0 68 0
0 69 0
0 70 0
0 71 0
0 72 0
0 73 0
0 74 0
0 75 0
0 76 0
0 77 0
0 78 0
0 79 0
0 80 0
0 81 0
0 82 0
0 83 0
0 84 0
0 85 0
0 86 0
0 87 0
0 88 0
0 89 0
0 90 0
0 91 0
0 92 0
0 93 0
0 94 0
0 95 0
0 96 0
0 97 0
0 98 0
0 99 0
1 0 0
1 1 4.55e-65
1 2 4.47898e-63
1 3 3.24673e-61
1 4 1.84795e-59
1 5 8.59949e-58
1 6 3.36398e-56
1 7 1.12878e-54
1 8 3.29909e-53
1 9 8.49976e-52
1 10 1.94901e-50
1 11 4.00876e-49
1 12 7.44398e-48
1 13 1.25473e-46
1 14 1.92857e-45
1 15 2.7136e-44
1 16 3.50696e-43
1 17 4.17474e-42
1 18 4.58889e-41
1 19 4.66746e-40
1 20 4.40083e-39
1 21 3.85248e-38
1 22 3.13522e-37
1 23 2.37463e-36
1 24 1.67541e-35
1 25 1.10194e-34
1 26 6.76022e-34
1 27 3.87002e-33
1 28 2.06795e-32
1 29 1.03159e-31
1 30 4.80429e-31
1 31 2.08865e-30
1 32 8.47478e-30
1 33 3.20835e-29
1 34 1.13278e-28
1 35 3.72821e-28
1 36 1.14309e-27
1 37 3.26274e-27
1 38 8.66318e-27
1 39 2.13796e-26
1 40 4.89962e-26
1 41 1.04174e-25
1 42 2.05292e-25
1 43 3.74611e-25
1 44 6.32377e-25
1 45 9.86648e-25
1 46 1.42161e-24
1 47 1.8902e-24
1 48 2.31783e-24
1 49 2.62005e-24
1 50 2.72939e-24
1 51 2.62005e-24
1 52 2.31783e-24
1 53 1.8902e-24
1 54 1.42161e-24
1 55 9.86648e-25
1 56 6.32377e-25
1 57 3.74611e-25
1 58 2.05292e-25
1 59 1.04174e-25
1 60 4.89962e-26
1 61 2.13796e-26
1 62 8.66318e-27
1 63 3.26274e-27
1 64 1.14309e-27
1 65 3.72821e-28
1 66 1.13278e-28
1 67 3.20835e-29
1 68 8.47478e-30
1 69 2.08865e-30
1 70 4.80429e-31
1 71 1.03159e-31
1 72 2.06795e-32
1 73 3.87002e-33
1 74 6.76022e-34
1 75 1.10194e-34
1 76 1.67541e-35
1 77 2.37463e-36
1 78 3.13522e-37
1 79 3.85248e-38
1 80 4.40083e-39
1 81 4.66746e-40
1 82 4.58889e-41
1 83 4.17474e-42
1 84 3.50696e-43
1 85 2.7136e-44
1 86 1.92857e-45
1 87 1.25473e-46
1 88 7.44398e-48
1 89 4.00876e-49
1 90 1.94901e-50
1 91 8.49976e-52
1 92 3.29909e-53
1 93 1.12878e-54
1 94 3.36398e-56
1 95 8.59949e-58
1 96 1.84795e-59
1 97 3.24673e-61
1 98 4.47868e-63
1 99 0
2 0 0
2 1 4.47898e-63
2 2 3.31478e-61
2 3 1.92696e-59
2 4 9.16285e-58
2 5 3.66433e-56
2 6 1.25761e-54
2 7 3.76139e-53
2 8 9.92226e-52
2 9 2.3308e-50
2 10 4.91399e-49
2 11 9.35879e-48
2 12 1.61891e-46
2 13 2.5553e-45
2 14 3.69467e-44
2 15 4.91003e-43
2 16 6.01477e-42
2 17 6.80864e-41
2 18 7.13736e-40
2 19 6.94148e-39
2 20 6.27323e-38
2 21 5.27524e-37
2 22 4.13239e-36
2 23 3.01844e-35
2 24 2.05744e-34
2 25 1.3095e-33
2 26 7.78626e-33
2 27 4.32657e-32
2 28 2.24721e-31
2 29 1.09111e-30
2 30 4.95234e-30
2 31 2.10092e-29
2 32 8.32838e-29
2 33 3.08403e-28
2 34 1.06633e-27
2 35 3.44075e-27
2 36 1.03546e-26
2 37 2.90426e-26
2 38 7.58623e-26
2 39 1.84393e-25
2 40 4.16691e-25
2 41 8.74652e-25
2 42 1.70374e-24
2 43 3.07689e-24
2 44 5.1471e-24
2 45 7.96854e-24
2 46 1.14081e-23
2 47 1.50925e-23
2 48 1.84403e-23
2 49 2.07994e-23
2 50 2.16517e-23
2 51 2.07994e-23
2 52 1.84403e-23
2 53 1.50925e-23
2 54 1.14081e-23
2 55 7.96854e-24
2 56 5.1471e-24
2 57 3.07689e-24
2 58 1.70374e-24
2 59 8.74652e-25
2 60 4.16691e-25
2 61 1.84393e-25
2 62 7.58623e-26
2 63 2.90426e-26
2 64 1.03546e-26
2 65 3.44075e-27
2 66 1.06633e-27
2 67 3.08403e-28
2 68 8.32838e-29
2 69 2.10092e-29
2 70 4.95234e-30
2 71 1.09111e-30
2 72 2.24721e-31
2 73 4.32657e-32
2 74 7.78626e-33
2 75 1.3095e-33
2 76 2.05744e-34
2 77 3.01844e-35
2 78 4.13239e-36
2 79 5.27524e-37
2 80 6.27323e-38
2 81 6.94148e-39
2 82 7.13736e-40
2 83 6.80864e-41
2 84 6.01477e-42
2 85 4.91003e-43
2 86 3.69467e-44
2 87 2.5553e-45
2 88 1.61891e-46
2 89 9.35879e-48
2 90 4.91399e-49
2 91 2.3308e-50
2 92 9.92226e-52
2 93 3.76139e-53
2 94 1.25761e-54
2 95 3.66433e-56
2 96 9.16285e-58
2 97 1.92696e-59
2 98 3.31434e-61
2 99 0
3 0 0
3 1 3.24673e-61
3 2 1.92696e-59
3 3 9.35767e-58
3 4 3.82348e-56
3 5 1.34134e-54
3 6 4.10271e-53
3 7 1.10733e-51
3 8 2.66277e-50
3 9 5.74986e-49
3 10 1.12221e-47
3 11 1.99048e-46
3 12 3.22339e-45
3 13 4.78468e-44
3 14 6.532e-43
3 15 8.22543e-42
3 16 9.57813e-41
3 17 1.03361e-39
3 18 1.03563e-38
3 19 9.64989e-38
3 20 8.37367e-37
3 21 6.77483e-36
3 22 5.11568e-35
3 23 3.60819e-34
3 24 2.37876e-33
3 25 1.46661e-32
3 26 8.45969e-32
3 27 4.56656e-31
3 28 2.30719e-30
3 29 1.09107e-29
3 30 4.82914e-29
3 31 2.00014e-28
3 32 7.75007e-28
3 33 2.80834e-27
3 34 9.51251e-27
3 35 3.01029e-26
3 36 8.89451e-26
3 37 2.45209e-25
3 38 6.30263e-25
3 39 1.50913e-24
3 40 3.36342e-24
3 41 6.97103e-24
3 42 1.34239e-23
3 43 2.3996e-23
3 44 3.97825e-23
3 45 6.11189e-23
3 46 8.69476e-23
3 47 1.14458e-22
3 48 1.3935e-22
3 49 1.56839e-22
3 50 1.63149e-22
3 51 1.56839e-22
3 52 1.3935e-22
3 53 1.14458e-22
3 54 8.69476e-23
3 55 6.11189e-23
3 56 3.97825e-23
3 57 2.3996e-23
3 58 1.34239e-23
3 59 6.97103e-24
3 60 3.36342e-24
3 61 1.50913e-24
3 62 6.30263e-25
3 63 2.45209e-25
3 64 8.89451e-26
3 65 3.01029e-26
3 66 9.51251e-27
3 67 2.80834e-27
3 68 7.75007e-28
3 69 2.00014e-28
3 70 4.82914e-29
3 71 1.09107e-29
3 72 2.30719e-30
3 73 4.56656e-31
3 74 8.45969e-32
3 75 1.46661e-32
3 76 2.37876e-33
3 77 3.60819e-34
3 78 5.11568e-35
3 79 6.77483e-36
3 80 8.37367e-37
3 81 9.64989e-38
3 82 1.03563e-38
3 83 1.03361e-39
3 84 9.57813e-41
3 85 8.22543e-42
3 86 6.532e-43
3 87 4.78468e-44
3 88 3.22339e-45
3 89 1.99048e-46
3 90 1.12221e-47
3 91 5.74986e-49
3 92 2.66277e-50
3 93 1.10733e-51
3 94 4.10271e-53
3 95 1.34134e-54
3 96 3.82348e-56
3 97 9.35767e-58
3 98 1.92653e-59
3 99 0
4 0 0
4 1 1.84795e-59
4 2 9.16285e-58
4 3 3.82348e-56
4 4 1.37046e-54
4 5 4.28472e-53
4 6 1.18265e-51
4 7 2.90975e-50
4 8 6.4319e-49
4 9 1.28572e-47
4 10 2.33697e-46
4 11 3.88043e-45
4 12 5.90946e-44
4 13 8.28202e-43
4 14 1.07132e-41
4 15 1.28234e-40
4 16 1.42346e-39
4 17 1.46815e-38
4 18 1.40928e-37
4 19 1.2608e-36
4 20 1.05255e-35
4 21 8.20797e-35
4 22 5.98421e-34
4 23 4.08193e-33
4 24 2.60653e-32
4 25 1.5588e-31
4 26 8.7335e-31
4 27 4.58508e-30
4 28 2.25584e-29
4 29 1.04008e-28
4 30 4.49345e-28
4 31 1.81868e-27
4 32 6.89393e-27
4 33 2.44651e-26
4 34 8.12443e-26
4 35 2.5233e-25
4 36 7.32498e-25
4 37 1.98612e-24
4 38 5.02626e-24
4 39 1.18625e-23
4 40 2.60877e-23
4 41 5.34132e-23
4 42 1.01726e-22
4 43 1.80057e-22
4 44 2.95945e-22
4 45 4.51324e-22
4 46 6.38152e-22
4 47 8.36065e-22
4 48 1.0144e-21
4 49 1.13936e-21
4 50 1.18437e-21
4 51 1.13936e-21
4 52 1.0144e-21
4 53 8.36065e-22
4 54 6.38152e-22
4 55 4.51324e-22
4 56 2.95945e-22
4 57 1.80057e-22
4 58 1.01726e-22
4 59 5.34132e-23
4 60 2.60877e-23
4 61 1.18625e-23
4 62 5.02626e-24
4 63 1.98612e-24
4 64 7.32498e-25
4 65 2.5233e-25
4 66 8.12443e-26
4 67 2.44651e-26
4 68 6.89393e-27
4 69 1.81868e-27
4 70 4.49345e-28
4 71 1.04008e-28
4 72 2.25584e-29
4 73 4.58508e-30
4 74 8.7335e-31
4 75 1.5588e-31
4 76 2.60653e-32
4 77 4.08193e-33
4 78 5.98421e-34
4 79 8.20797e-35
4 80 1.05255e-35
4 81 1.2608e-36
4 82 1.40928e-37
4 83 1.46815e-38
4 84 1.42346e-39
4 85 1.28234e-40
4 86 1.07132e-41
4 87 8.28202e-43
4 88 5.90946e-44
4 89 3.88043e-45
4 90 2.33697e-46
4 91 1.28572e-47
4 92 6.4319e-49
4 93 2.90975e-50
4 94 1.18265e-51
4 95 4.28472e-53
4 96 1.37046e-54
4 97 3.82348e-56
4 98 9.1598e-58
4 99 0
5 0 0
5 1 8.59949e-58
5 2 3.66433e-56
5 3 1.34134e-54
5 4 4.28472e-53
5 5 1.20887e-51
5 6 3.04163e-50
5 7 6.87906e-49
5 8 1.40764e-47
5 9 2.6205e-46
5 10 4.45893e-45
5 11 6.96247e-44
5 12 1.00109e-42
5 13 1.32935e-41
5 14 1.6345e-40
5 15 1.86498e-39
5 16 1.97855e-38
5 17 1.95495e-37
5 18 1.80165e-36
5 19 1.55058e-35
5 20 1.2476e-34
5 21 9.39299e-34
5 22 6.62234e-33
5 23 4.37488e-32
5 24 2.70944e-31
5 25 1.57367e-30
5 26 8.5739e-30
5 27 4.38268e-29
5 28 2.10192e-28
5 29 9.45777e-28
5 30 3.99203e-27
5 31 1.58027e-26
5 32 5.86491e-26
5 33 2.03992e-25
5 34 6.64625e-25
5 35 2.02728e-24
5 36 5.78569e-24
5 37 1.54385e-23
5 38 3.84897e-23
5 39 8.95843e-23
5 40 1.94497e-22
5 41 3.93568e-22
5 42 7.41625e-22
5 43 1.30029e-21
5 44 2.1195e-21
5 45 3.20942e-21
5 46 4.51148e-21
5 47 5.88358e-21
5 48 7.11505e-21
5 49 7.97566e-21
5 50 8.28529e-21
5 51 7.97566e-21
5 52 7.11505e-21
5 53 5.88358e-21
5 54 4.51148e-21
5 55 3.20942e-21
5 56 2.1195e-21
5 57 1.30029e-21
5 58 7.41625e-22
5 59 3.93568e-22
5 60 1.94497e-22
5 61 8.95843e-23
5 62 3.84897e-23
5 63 1.54385e-23
5 64 5.78569e-24
5 65 2.02728e-24
5 66 6.64625e-25
5 67 2.03992e-25
5 68 5.86491e-26
5 69 1.58027e-26
5 70 3.99203e-27
5 71 9.45777e-28
5 72 2.10192e-28
5 73 4.38268e-29
5 74 8.5739e-30
5 75 1.57367e-30
5 76 2.70944e-31
5 77 4.37488e-32
5 78 6.62234e-33
5 79 9.39299e-34
5 80 1.2476e-34
5 81 1.55058e-35
5 82 1.80165e-36
5 83 1.95495e-37
5 84 1.97855e-38
5 85 1.86498e-39
5 86 1.6345e-40
5 87 1.32935e-41
5 88 1.00109e-42
5 89 6.96247e-44
5 90 4.45893e-45
5 91 2.6205e-46
5 92 1.40764e-47
5 93 6.87906e-49
5 94 3.04163e-50
5 95 1.20887e-51
5 96 4.28472e-53
5 97 1.34134e-54
5 98 3.66263e-56
5 99 0
6 0 0
6 1 3.36398e-56
6 2 1.25761e-54
6 3 4.10271e-53
6 4 1.18265e-51
6 5 3.04163e-50
6 6 7.03486e-49
6 7 1.47284e-47
6 8 2.80674e-46
6 9 4.89136e-45
6 10 7.82667e-44
6 11 1.15383e-42
6 12 1.5719e-41
6 13 1.98401e-40
6 14 2.32532e-39
6 15 2.53566e-38
6 16 2.57698e-37
6 17 2.44449e-36
6 18 2.16711e-35
6 19 1.79748e-34
6 20 1.39622e-33
6 21 1.01645e-32
6 22 6.93994e-32
6 23 4.44618e-31
6 24 2.67401e-30
6 25 1.51012e-29
6 26 8.00979e-29
6 27 3.99056e-28
6 28 1.86746e-27
6 29 8.20795e-27
6 30 3.38774e-26
6 31 1.3127e-25
6 32 4.77367e-25
6 33 1.62852e-24
6 34 5.20924e-24
6 35 1.56155e-23
6 36 4.38401e-23
6 37 1.15192e-22
6 38 2.83073e-22
6 39 6.50072e-22
6 40 1.39401e-21
6 41 2.78905e-21
6 42 5.20204e-21
6 43 9.03781e-21
6 44 1.46144e-20
6 45 2.19791e-20
6 46 3.07224e-20
6 47 3.98897e-20
6 48 4.80863e-20
6 49 5.37998e-20
6 50 5.58528e-20
6 51 5.37998e-20
6 52 4.80863e-20
6 53 3.98897e-20
6 54 3.07224e-20
6 55 2.19791e-20
6 56 1.46144e-20
6 57 9.03781e-21
6 58 5.20204e-21
6 59 2.78905e-21
6 60 1.39401e-21
6 61 6.50072e-22
6 62 2.83073e-22
6 63 1.15192e-22
6 64 4.38401e-23
6 65 1.56155e-23
6 66 5.20924e-24
6 67 1.62852e-24
6 68 4.77367e-25
6 69 1.3127e-25
6 70 3.38774e-26
6 71 8.20795e-27
6 72 1.86746e-27
6 73 3.99056e-28
6 74 8.00979e-29
6 75 1.51012e-29
6 76 2.67401e-30
6 77 4.44618e-31
6 78 6.93994e-32
6 79 1.01645e-32
6 80 1.39622e-33
6 81 1.79748e-34
6 82 2.16711e-35
6 83 2.44449e-36
6 84 2.57698e-37
6 85 2.53566e-38
6 86 2.32532e-39
6 87 1.98401e-40
6 88 1.5719e-41
6 89 1.15383e-42
6 90 7.82667e-44
6 91 4.89136e-45
6 92 2.80674e-46
6 93 1.47284e-47
6 94 7.03486e-49
6 95 3.04163e-50
6 96 1.18265e-51
6 97 4.10271e-53
6 98 1.25684e-54
6 99 0
7 0 0
7 1 1.12878e-54
7 2 3.76139e-53
7 3 1.10733e-51
7 4 2.90975e-50
7 5 6.87906e-49
7 6 1.47284e-47
7 7 2.87169e-46
7 8 5.12292e-45
7 9 8.39544e-44
7 10 1.2683e-42
7 11 1.77156e-41
7 12 2.29393e-40
7 13 2.75985e-39
7 14 3.09124e-38
7 15 3.22905e-37
7 16 3.15043e-36
7 17 2.87466e-35
7 18 2.45594e-34
7 19 1.96647e-33
7 20 1.47691e-32
7 21 1.04117e-31
7 22 6.89336e-31
7 23 4.28829e-30
7 24 2.50744e-29
7 25 1.3784e-28
7 26 7.12491e-28
7 27 3.46312e-27
7 28 1.5828e-26
7 29 6.80142e-26
7 30 2.74728e-25
7 31 1.04283e-24
7 32 3.71859e-24
7 33 1.24512e-23
7 34 3.91289e-23
7 35 1.15344e-22
7 36 3.18741e-22
7 37 8.25149e-22
7 38 1.99972e-21
7 39 4.53334e-21
7 40 9.60602e-21
7 41 1.90106e-20
7 42 3.51098e-20
7 43 6.0464e-20
7 44 9.70226e-20
7 45 1.44959e-19
7 46 2.01528e-19
7 47 2.60554e-19
7 48 3.13137e-19
7 49 3.49701e-19
7 50 3.62823e-19
7 51 3.49701e-19
7 52 3.13137e-19
7 53 2.60554e-19
7 54 2.01528e-19
7 55 1.44959e-19
7 56 9.70226e-20
7 57 6.0464e-20
7 58 3.51098e-20
7 59 1.90106e-20
7 60 9.60602e-21
7 61 4.53334e-21
7 62 1.99972e-21
7 63 8.25149e-22
7 64 3.18741e-22
7 65 1.15344e-22
7 66 3.91289e-23
7 67 1.24512e-23
7 68 3.71859e-24
7 69 1.04283e-24
7 70 2.74728e-25
7 71 6.80142e-26
7 72 1.5828e-26
7 73 3.46312e-27
7 74 7.12491e-28
7 75 1.3784e-28
7 76 2.50744e-29
7 77 4.28829e-30
7 78 6.89336e-31
7 79 1.04117e-31
7 80 1.47691e-32
7 81 1.96647e-33
7 82 2.45594e-34
7 83 2.87466e-35
7 84 3.15043e-36
7 85 3.22905e-37
7 86 3.09124e-38
7 87 2.75985e-39
7 88 2.29393e-40
7 89 1.77156e-41
7 90 1.2683e-42
7 91 8.39544e-44
7 92 5.12292e-45
7 93 2.87169e-46
7 94 1.47284e-47
7 95 6.87906e-49
7 96 2.90975e-50
7 97 1.10733e-51
7 98 3.75843e-53
7 99 0
8 0 0
8 1 3.29909e-53
8 2 9.92226e-52
8 3 2.66277e-50
8 4 6.4319e-49
8 5 1.40764e-47
8 6 2.80674e-46
8 7 5.12292e-45
8 8 8.594e-44
8 9 1.32968e-42
8 10 1.90322e-41
8 11 2.52676e-40
8 12 3.11866e-39
8 13 3.5857e-38
8 14 3.84722e-37
8 15 3.85791e-36
8 16 3.62054e-35
8 17 3.18356e-34
8 18 2.62549e-33
8 19 2.03253e-32
8 20 1.47811e-31
8 21 1.01038e-30
8 22 6.4951e-30
8 23 3.92801e-29
8 24 2.23547e-28
8 25 1.19746e-27
8 26 6.0379e-27
8 27 2.86585e-26
8 28 1.28035e-25
8 29 5.38336e-25
8 30 2.12973e-24
8 31 7.92527e-24
8 32 2.77307e-23
8 33 9.11958e-23
8 34 2.81735e-22
8 35 8.1717e-22
8 36 2.22396e-21
8 37 5.67534e-21
8 38 1.35708e-20
8 39 3.03838e-20
8 40 6.36462e-20
8 41 1.2464e-19
8 42 2.28014e-19
8 43 3.89359e-19
8 44 6.20164e-19
8 45 9.20727e-19
8 46 1.27337e-18
8 47 1.63962e-18
8 48 1.96474e-18
8 49 2.19028e-18
8 50 2.27113e-18
8 51 2.19028e-18
8 52 1.96474e-18
8 53 1.63962e-18
8 54 1.27337e-18
8 55 9.20727e-19
8 56 6.20164e-19
8 57 3.89359e-19
8 58 2.28014e-19
8 59 1.2464e-19
8 60 6.36462e-20
8 61 3.03838e-20
8 62 1.35708e-20
8 63 5.67534e-21
8 64 2.22396e-21
8 65 8.1717e-22
8 66 2.81735e-22
8 67 9.11958e-23
8 68 2.77307e-23
8 69 7.92527e-24
8 70 2.12973e-24
8 71 5.38336e-25
8 72 1.28035e-25
8 73 2.86585e-26
8 74 6.0379e-27
8 75 1.19746e-27
8 76 2.23547e-28
8 77 3.92801e-29
8 78 6.4951e-30
8 79 1.01038e-30
8 80 1.47811e-31
8 81 2.03253e-32
8 82 2.62549e-33
8 83 3.18356e-34
8 84 3.62054e-35
8 85 3.85791e-36
8 86 3.84722e-37
8 87 3.5857e-38
8 88 3.11866e-39
8 89 2.52676e-40
8 90 1.90322e-41
8 91 1.32968e-42
8 92 8.594e-44
8 93 5.12292e-45
8 94 2.80674e-46
8 95 1.40764e-47
8 96 6.4319e-49
8 97 2.66277e-50
8 98 9.91255e-52
8 99 0
9 0 0
9 1 8.49976e-52
9 2 2.3308e-50
9 3 5.74986e-49
9 4 1.28572e-47
9 5 2.6205e-46
9 6 4.89136e-45
9 7 8.39544e-44
9 8 1.32968e-42
9 9 1.94924e-41
9 10 2.65182e-40
9 11 3.35577e-39
9 12 3.95815e-38
9 13 4.35931e-37
9 14 4.48998e-36
9 15 4.33077e-35
9 16 3.91648e-34
9 17 3.3242e-33
9 18 2.65047e-32
9 19 1.9867e-31
9 20 1.40085e-30
9 21 9.29674e-30
9 22 5.80939e-29
9 23 3.41925e-28
9 24 1.89598e-27
9 25 9.90595e-27
9 26 4.87692e-26
9 27 2.26241e-25
9 28 9.8885e-25
9 29 4.07141e-24
9 30 1.57873e-23
9 31 5.76344e-23
9 32 1.98017e-22
9 33 6.3999e-22
9 34 1.94481e-21
9 35 5.55356e-21
9 36 1.48933e-20
9 37 3.74841e-20
9 38 8.84793e-20
9 39 1.9573e-19
9 40 4.05483e-19
9 41 7.86061e-19
9 42 1.42489e-18
9 43 2.41336e-18
9 44 3.8166e-18
9 45 5.63188e-18
9 46 7.74986e-18
9 47 9.93971e-18
9 48 1.18771e-17
9 49 1.3218e-17
9 50 1.36981e-17
9 51 1.3218e-17
9 52 1.18771e-17
9 53 9.93971e-18
9 54 7.74986e-18
9 55 5.63188e-18
9 56 3.8166e-18
9 57 2.41336e-18
9 58 1.42489e-18
9 59 7.86061e-19
9 60 4.05483e-19
9 61 1.9573e-19
9 62 8.84793e-20
9 63 3.74841e-20
9 64 1.48933e-20
9 65 5.55356e-21
9 66 1.94481e-21
9 67 6.3999e-22
9 68 1.98017e-22
9 69 5.76344e-23
9 70 1.57873e-23
9 71 4.07141e-24
9 72 9.8885e-25
9 73 2.26241e-25
9 74 4.87692e-26
9 75 9.90595e-27
9 76 1.89598e-27
9 77 3.41925e-28
9 78 5.80939e-29
9 79 9.29674e-30
9 80 1.40085e-30
9 81 1.9867e-31
9 82 2.65047e-32
9 83 3.3242e-33
9 84 3.91648e-34
9 85 4.33077e-35
9 86 4.48998e-36
9 87 4.35931e-37
9 88 3.95815e-38
9 89 3.35577e-39
9 90 2.65182e-40
9 91 1.94924e-41
9 92 1.32968e-42
9 93 8.39544e-44
9 94 4.89136e-45
9 95 2.6205e-46
9 96 1.28572e-47
9 97 5.74985e-49
9 98 2.32802e-50
9 99 0
10 0 0
10 1 1.94901e-50
10 2 4.91399e-49
10 3 1.12221e-47
10 4 2.33697e-46
10 5 4.45893e-45
10 6 7.82667e-44
10 7 1.2683e-42
10 8 1.90322e-41
10 9 2.65182e-40
10 10 3.43872e-39
10 11 4.15853e-38
10 12 4.69844e-37
10 13 4.96737e-36
10 14 4.92109e-35
10 15 4.57386e-34
10 16 3.99257e-33
10 17 3.27618e-32
10 18 2.52912e-31
10 19 1.83801e-30
10 20 1.25818e-29
10 21 8.11626e-29
10 22 4.93558e-28
10 23 2.83014e-27
10 24 1.53053e-26
10 25 7.80696e-26
10 26 3.75611e-25
10 27 1.70445e-24
10 28 7.29403e-24
10 29 2.94305e-23
10 30 1.11934e-22
10 31 4.01157e-22
10 32 1.35421e-21
10 33 4.30406e-21
10 34 1.28728e-20
10 35 3.62096e-20
10 36 9.57348e-20
10 37 2.37754e-19
10 38 5.54246e-19
10 39 1.21194e-18
10 40 2.484e-18
10 41 4.76858e-18
10 42 8.56794e-18
10 43 1.4398e-17
10 44 2.26133e-17
10 45 3.31735e-17
10 46 4.54287e-17
10 47 5.8045e-17
10 48 6.91704e-17
10 49 7.6854e-17
10 50 7.96021e-17
10 51 7.6854e-17
10 52 6.91704e-17
10 53 5.8045e-17
10 54 4.54287e-17
10 55 3.31735e-17
10 56 2.26133e-17
10 57 1.4398e-17
10 58 8.56794e-18
10 59 4.76858e-18
10 60 2.484e-18
10 61 1.21194e-18
10 62 5.54246e-19
10 63 2.37754e-19
10 64 9.57348e-20
10 65 3.62096e-20
10 66 1.28728e-20
10 67 4.30406e-21
10 68 1.35421e-21
10 69 4.01157e-22
10 70 1.11934e-22
10 71 2.94305e-23
10 72 7.29403e-24
10 73 1.70445e-24
10 74 3.75611e-25
10 75 7.80696e-26
10 76 1.53053e-26
10 77 2.83014e-27
10 78 4.93558e-28
10 79 8.11626e-29
10 80 1.25818e-29
10 81 1.83801e-30
10 82 2.52912e-31
10 83 3.27618e-32
10 84 3.99257e-33
10 85 4.57386e-34
10 86 4.92109e-35
10 87 4.96737e-36
10 88 4.69844e-37
10 89 4.15853e-38
10 90 3.43872e-39
10 91 2.65182e-40
10 92 1.90322e-41
10 93 1.2683e-42
10 94 7.82667e-44
10 95 4.45893e-45
10 96 2.33697e-46
10 97 1.12221e-47
10 98 4.90702e-49
10 99 0
11 0 0
11 1 4.00876e-49
11 2 9.35879e-48
11 3 1.99048e-46
11 4 3.88043e-45
11 5 6.96247e-44
11 6 1.15383e-42
11 7 1.77156e-41
11 8 2.52676e-40
11 9 3.35577e-39
11 10 4.15853e-38
11 11 4.8172e-37
11 12 5.22462e-36
11 13 5.31289e-35
11 14 5.07178e-34
11 15 4.55001e-33
11 16 3.83969e-32
11 17 3.05045e-31
11 18 2.28306e-30
11 19 1.6107e-29
11 20 1.07167e-28
11 21 6.72713e-28
11 22 3.9852e-27
11 23 2.22852e-26
11 24 1.17649e-25
11 25 5.86395e-25
11 26 2.75941e-24
11 27 1.22583e-23
11 28 5.13999e-23
11 29 2.03385e-22
11 30 7.5924e-22
11 31 2.67295e-21
11 32 8.87113e-21
11 33 2.77425e-20
11 34 8.17086e-20
11 35 2.26519e-19
11 36 5.90735e-19
11 37 1.44829e-18
11 38 3.33578e-18
11 39 7.21302e-18
11 40 1.4632e-17
11 41 2.78258e-17
11 42 4.95717e-17
11 43 8.26728e-17
11 44 1.28987e-16
11 45 1.88154e-16
11 46 2.56465e-16
11 47 3.26496e-16
11 48 3.88058e-16
11 49 4.30485e-16
11 50 4.45643e-16
11 51 4.30485e-16
11 52 3.88058e-16
11 53 3.26496e-16
11 54 2.56465e-16
11 55 1.88154e-16
11 56 1.28987e-16
11 57 8.26728e-17
11 58 4.95717e-17
11 59 2.78258e-17
11 60 1.4632e-17
11 61 7.21302e-18
11 62 3.33578e-18
11 63 1.44829e-18
11 64 5.90735e-19
11 65 2.26519e-19
11 66 8.17086e-20
11 67 2.77425e-20
11 68 8.87113e-21
11 69 2.67295e-21
11 70 7.5924e-22
11 71 2.03385e-22
11 72 5.13999e-23
11 73 1.22583e-23
11 74 2.75941e-24
11 75 5.86395e-25
11 76 1.17649e-25
11 77 2.22852e-26
11 78 3.9852e-27
11 79 6.72713e-28
11 80 1.07167e-28
11 81 1.6107e-29
11 82 2.28306e-30
11 83 3.05045e-31
11 84 3.83969e-32
11 85 4.55001e-33
11 86 5.07178e-34
11 87 5.31289e-35
11 88 5.22462e-36
11 89 4.8172e-37
11 90 4.15853e-38
11 91 3.35577e-39
11 92 2.52676e-40
11 93 1.77156e-41
11 94 1.15383e-42
11 95 6.96247e-44
11 96 3.88043e-45
11 97 1.99047e-46
11 98 9.34319e-48
11 99 0
12 0 0
12 1 7.44398e-48
12 2 1.61891e-46
12 3 3.22339e-45
12 4 5.90946e-44
12 5 1.00109e-42
12 6 1.5719e-41
12 7 2.29393e-40
12 8 3.11866e-39
12 9 3.95815e-38
12 10 4.69844e-37
12 11 5.22462e-36
12 12 5.45025e-35
12 13 5.34053e-34
12 14 4.92083e-33
12 15 4.26773e-32
12 16 3.48678e-31
12 17 2.68555e-30
12 18 1.95115e-29
12 19 1.33789e-28
12 20 8.66169e-28
12 21 5.29645e-27
12 22 3.05967e-26
12 23 1.67011e-25
12 24 8.6147e-25
12 25 4.19922e-24
12 26 1.93424e-23
12 27 8.41818e-23
12 28 3.4611e-22
12 29 1.34399e-21
12 30 4.92758e-21
12 31 1.70519e-20
12 32 5.56715e-20
12 33 1.71402e-19
12 34 4.9739e-19
12 35 1.35968e-18
12 36 3.49923e-18
12 37 8.47288e-18
12 38 1.92896e-17
12 39 4.12623e-17
12 40 8.28737e-17
12 41 1.56174e-16
12 42 2.75947e-16
12 43 4.56854e-16
12 44 7.08243e-16
12 45 1.0275e-15
12 46 1.39426e-15
12 47 1.76875e-15
12 48 2.09696e-15
12 49 2.3227e-15
12 50 2.40327e-15
12 51 2.3227e-15
12 52 2.09696e-15
12 53 1.76875e-15
12 54 1.39426e-15
12 55 1.0275e-15
12 56 7.08243e-16
12 57 4.56854e-16
12 58 2.75947e-16
12 59 1.56174e-16
12 60 8.28737e-17
12 61 4.12623e-17
12 62 1.92896e-17
12 63 8.47288e-18
12 64 3.49923e-18
12 65 1.35968e-18
12 66 4.9739e-19
12 67 1.71402e-19
12 68 5.56715e-20
12 69 1.70519e-20
12 70 4.92758e-21
12 71 1.34399e-21
12 72 3.4611e-22
12 73 8.41818e-23
12 74 1.93424e-23
12 75 4.19922e-24
12 76 8.6147e-25
12 77 1.67011e-25
12 78 3.05967e-26
12 79 5.29645e-27
12 80 8.66169e-28
12 81 1.33789e-28
12 82 1.95115e-29
12 83 2.68555e-30
12 84 3.48678e-31
12 85 4.26773e-32
12 86 4.92083e-33
12 87 5.34053e-34
12 88 5.45025e-35
12 89 5.22462e-36
12 90 4.69844e-37
12 91 3.95815e-38
12 92 3.11866e-39
12 93 2.29393e-40
12 94 1.5719e-41
12 95 1.00109e-42
12 96 5.90946e-44
12 97 3.22338e-45
12 98 1.61578e-46
12 99 0
13 0 0
13 1 1.25473e-46
13 2 2.5553e-45
13 3 4.78468e-44
13 4 8.28202e-43
13 5 1.32935e-41
13 6 1.98401e-40
13 7 2.75985e-39
13 8 3.5857e-38
13 9 4.35931e-37
13 10 4.96737e-36
13 11 5.31289e-35
13 12 5.34053e-34
13 13 5.05098e-33
13 14 4.49917e-32
13 15 3.77772e-31
13 16 2.9922e-30
13 17 2.23713e-29
13 18 1.57968e-28
13 19 1.05395e-27
13 20 6.64654e-27
13 21 3.96299e-26
13 22 2.23455e-25
13 23 1.19166e-24
13 24 6.01087e-24
13 25 2.86774e-23
13 26 1.29399e-22
13 27 5.52136e-22
13 28 2.22743e-21
13 29 8.49366e-21
13 30 3.06042e-20
13 31 1.04161e-19
13 32 3.34721e-19
13 33 1.01511e-18
13 34 2.90387e-18
13 35 7.83118e-18
13 36 1.9898e-17
13 37 4.76049e-17
13 38 1.07169e-16
13 39 2.26867e-16
13 40 4.51296e-16
13 41 8.43026e-16
13 42 1.4778e-15
13 43 2.42942e-15
13 44 3.74308e-15
13 45 5.40188e-15
13 46 7.29837e-15
13 47 9.22738e-15
13 48 1.09131e-14
13 49 1.20702e-14
13 50 1.24828e-14
13 51 1.20702e-14
13 52 1.09131e-14
13 53 9.22738e-15
13 54 7.29837e-15
13 55 5.40188e-15
13 56 3.74308e-15
13 57 2.42942e-15
13 58 1.4778e-15
13 59 8.43026e-16
13 60 4.51296e-16
13 61 2.26867e-16
13 62 1.07169e-16
13 63 4.76049e-17
13 64 1.9898e-17
13 65 7.83118e-18
13 66 2.90387e-18
13 67 1.01511e-18
13 68 3.34721e-19
13 69 1.04161e-19
13 70 3.06042e-20
13 71 8.49366e-21
13 72 2.22743e-21
13 73 5.52136e-22
13 74 1.29399e-22
13 75 2.86774e-23
13 76 6.01087e-24
13 77 1.19166e-24
13 78 2.23455e-25
13 79 3.96299e-26
13 80 6.64654e-27
13 81 1.05395e-27
13 82 1.57968e-28
13 83 2.23713e-29
13 84 2.9922e-30
13 85 3.77772e-31
13 86 4.49917e-32
13 87 5.05098e-33
13 88 5.34053e-34
13 89 5.31289e-35
13 90 4.96737e-36
13 91 4.35931e-37
13 92 3.5857e-38
13 93 2.75985e-39
13 94 1.98401e-40
13 95 1.32935e-41
13 96 8.28202e-43
13 97 4.78465e-44
13 98 2.54963e-45
13 99 0
14 0 0
14 1 1.92857e-45
14 2 3.69467e-44
14 3 6.532e-43
14 4 1.07132e-41
14 5 1.6345e-40
14 6 2.32532e-39
14 7 3.09124e-38
14 8 3.84722e-37
14 9 4.48998e-36
14 10 4.92109e-35
14 11 5.07178e-34
14 12 4.92083e-33
14 13 4.49917e-32
14 14 3.87995e-31
14 15 3.15829e-30
14 16 2.42828e-29
14 17 1.76446e-28
14 18 1.21227e-27
14 19 7.87821e-27
14 20 4.84432e-26
14 21 2.81914e-25
14 22 1.55292e-24
14 23 8.09792e-24
14 24 3.99758e-23
14 25 1.86813e-22
14 26 8.26341e-22
14 27 3.45928e-21
14 28 1.37023e-20
14 29 5.13412e-20
14 30 1.81912e-19
14 31 6.0928e-19
14 32 1.92819e-18
14 33 5.76307e-18
14 34 1.62595e-17
14 35 4.32786e-17
14 36 1.08615e-16
14 37 2.5686e-16
14 38 5.72015e-16
14 39 1.19878e-15
14 40 2.36266e-15
14 41 4.37626e-15
14 42 7.61302e-15
14 43 1.24305e-14
14 44 1.90384e-14
14 45 2.73367e-14
14 46 3.67801e-14
14 47 4.63498e-14
14 48 5.46889e-14
14 49 6.04025e-14
14 50 6.24379e-14
14 51 6.04025e-14
14 52 5.46889e-14
14 53 4.63498e-14
14 54 3.67801e-14
14 55 2.73367e-14
14 56 1.90384e-14
14 57 1.24305e-14
14 58 7.61302e-15
14 59 4.37626e-15
14 60 2.36266e-15
14 61 1.19878e-15
14 62 5.72015e-16
14 63 2.5686e-16
14 64 1.08615e-16
14 65 4.32786e-17
14 66 1.62595e-17
14 67 5.76307e-18
14 68 1.92819e-18
14 69 6.0928e-19
14 70 1.81912e-19
14 71 5.13412e-20
14 72 1.37023e-20
14 73 3.45928e-21
14 74 8.26341e-22
14 75 1.86813e-22
14 76 3.99758e-23
14 77 8.09792e-24
14 78 1.55292e-24
14 79 2.81914e-25
14 80 4.84432e-26
14 81 7.87821e-27
14 82 1.21227e-27
14 83 1.76446e-28
14 84 2.42828e-29
14 85 3.15829e-30
14 86 3.87995e-31
14 87 4.49917e-32
14 88 4.92083e-33
14 89 5.07178e-34
14 90 4.92109e-35
14 91 4.48998e-36
14 92 3.84722e-37
14 93 3.09124e-38
14 94 2.32532e-39
14 95 1.6345e-40
14 96 1.07132e-41
14 97 6.53196e-43
14 98 3.68537e-44
14 99 0
15 0 0
15 1 2.7136e-44
15 2 4.91003e-43
15 3 8.22543e-42
15 4 1.28234e-40
15 5 1.86498e-39
15 6 2.53566e-38
15 7 3.22905e-37
15 8 3.85791e-36
15 9 4.33077e-35
15 10 4.57386e-34
15 11 4.55001e-33
15 12 4.26773e-32
15 13 3.77772e-31
15 14 3.15829e-30
15 15 2.49553e-29
15 16 1.86474e-28
15 17 1.31836e-27
15 18 8.82245e-27
15 19 5.59028e-26
15 20 3.3549e-25
15 21 1.90726e-24
15 22 1.02726e-23
15 23 5.24222e-23
15 24 2.53462e-22
15 25 1.16104e-21
15 26 5.0381e-21
15 27 2.07058e-20
15 28 8.05796e-20
15 29 2.96853e-19
15 30 1.03489e-18
15 31 3.41289e-18
15 32 1.06423e-17
15 33 3.13639e-17
15 34 8.73137e-17
15 35 2.29485e-16
15 36 5.69107e-16
15 37 1.33087e-15
15 38 2.93293e-15
15 39 6.08716e-15
15 40 1.18902e-14
15 41 2.18445e-14
15 42 3.77217e-14
15 43 6.11887e-14
15 44 9.31803e-14
15 45 1.33142e-13
15 46 1.78417e-13
15 47 2.24132e-13
15 48 2.63861e-13
15 49 2.91033e-13
15 50 3.00703e-13
15 51 2.91033e-13
15 52 2.63861e-13
15 53 2.24132e-13
15 54 1.78417e-13
15 55 1.33142e-13
15 56 9.31803e-14
15 57 6.11887e-14
15 58 3.77217e-14
15 59 2.18445e-14
15 60 1.18902e-14
15 61 6.08716e-15
15 62 2.93293e-15
15 63 1.33087e-15
15 64 5.69107e-16
15 65 2.29485e-16
15 66 8.73137e-17
15 67 3.13639e-17
15 68 1.06423e-17
15 69 3.41289e-18
15 70 1.03489e-18
15 71 2.96853e-19
15 72 8.05796e-20
15 73 2.07058e-20
15 74 5.0381e-21
15 75 1.16104e-21
15 76 2.53462e-22
15 77 5.24222e-23
15 78 1.02726e-23
15 79 1.90726e-24
15 80 3.3549e-25
15 81 5.59028e-26
15 82 8.82245e-27
15 83 1.31836e-27
15 84 1.86474e-28
15 85 2.49553e-29
15 86 3.15829e-30
15 87 3.77772e-31
15 88 4.26773e-32
15 89 4.55001e-33
15 90 4.57386e-34
15 91 4.33077e-35
15 92 3.85791e-36
15 93 3.22905e-37
15 94 2.53566e-38
15 95 1.86498e-39
15 96 1.28234e-40
15 97 8.22536e-42
15 98 4.89612e-43
15 99 0
16 0 0
16 1 3.50696e-43
16 2 6.01477e-42
16 3 9.57813e-41
16 4 1.42346e-39
16 5 1.97855e-38
16 6 2.57698e-37
16 7 3.15043e-36
16 8 3.62054e-35
16 9 3.91648e-34
16 10 3.99257e-33
16 11 3.83969e-32
16 12 3.48678e-31
16 13 2.9922e-30
16 14 2.42828e-29
16 15 1.86474e-28
16 16 1.35573e-27
16 17 9.33582e-27
16 18 6.0914e-26
16 19 3.76696e-25
16 20 2.20836e-24
16 21 1.2275e-23
16 22 6.46966e-23
16 23 3.23344e-22
16 24 1.53235e-21
16 25 6.88531e-21
16 26 2.93292e-20
16 27 1.18414e-19
16 28 4.53027e-19
16 29 1.64186e-18
16 30 5.63498e-18
16 31 1.83071e-17
16 32 5.62773e-17
16 33 1.63616e-16
16 34 4.4965e-16
16 35 1.16746e-15
16 36 2.86207e-15
16 37 6.621e-15
16 38 1.44445e-14
16 39 2.96992e-14
16 40 5.75132e-14
16 41 1.04832e-13
16 42 1.79744e-13
16 43 2.89723e-13
16 44 4.38768e-13
16 45 6.23993e-13
16 46 8.32944e-13
16 47 1.0432e-12
16 48 1.22544e-12
16 49 1.34987e-12
16 50 1.39411e-12
16 51 1.34987e-12
16 52 1.22544e-12
16 53 1.0432e-12
16 54 8.32944e-13
16 55 6.23993e-13
16 56 4.38768e-13
16 57 2.89723e-13
16 58 1.79744e-13
16 59 1.04832e-13
16 60 5.75132e-14
16 61 2.96992e-14
16 62 1.44445e-14
16 63 6.621e-15
16 64 2.86207e-15
16 65 1.16746e-15
16 66 4.4965e-16
16 67 1.63616e-16
16 68 5.62773e-17
16 69 1.83071e-17
16 70 5.63498e-18
16 71 1.64186e-18
16 72 4.53027e-19
16 73 1.18414e-19
16 74 2.93292e-20
16 75 6.88531e-21
16 76 1.53235e-21
16 77 3.23344e-22
16 78 6.46966e-23
16 79 1.2275e-23
16 80 2.20836e-24
16 81 3.76696e-25
16 82 6.0914e-26
16 83 9.33582e-27
16 84 1.35573e-27
16 85 1.86474e-28
16 86 2.42828e-29
16 87 2.9922e-30
16 88 3.48678e-31
16 89 3.83969e-32
16 90 3.99257e-33
16 91 3.91648e-34
16 92 3.62054e-35
16 93 3.15043e-36
16 94 2.57698e-37
16 95 1.97855e-38
16 96 1.42346e-39
16 97 9.57803e-41
16 98 5.99573e-42
16 99 0
17 0 0
17 1 4.17474e-42
17 2 6.80864e-41
17 3 1.03361e-39
17 4 1.46815e-38
17 5 1.95495e-37
17 6 2.44449e-36
17 7 2.87466e-35
17 8 3.18356e-34
17 9 3.3242e-33
17 10 3.27618e-32
17 11 3.05045e-31
17 12 2.68555e-30
17 13 2.23713e-29
17 14 1.76446e-28
17 15 1.31836e-27
17 16 9.33582e-27
17 17 6.26814e-26
17 18 3.99143e-25
17 19 2.41117e-24
17 20 1.38202e-23
17 21 7.51693e-23
17 22 3.87999e-22
17 23 1.90058e-21
17 24 8.83449e-21
17 25 3.89647e-20
17 26 1.63037e-19
17 27 6.47042e-19
17 28 2.435e-18
17 29 8.68668e-18
17 30 2.93659e-17
17 31 9.40361e-17
17 32 2.85115e-16
17 33 8.18109e-16
17 34 2.22049e-15
17 35 5.69763e-15
17 36 1.38134e-14
17 37 3.16235e-14
17 38 6.83212e-14
17 39 1.39209e-13
17 40 2.67342e-13
17 41 4.83605e-13
17 42 8.23509e-13
17 43 1.3193e-12
17 44 1.98738e-12
17 45 2.81354e-12
17 46 3.74166e-12
17 47 4.67247e-12
17 48 5.47726e-12
17 49 6.02579e-12
17 50 6.22067e-12
17 51 6.02579e-12
17 52 5.47726e-12
17 53 4.67247e-12
17 54 3.74166e-12
17 55 2.81354e-12
17 56 1.98738e-12
17 57 1.3193e-12
17 58 8.23509e-13
17 59 4.83605e-13
17 60 2.67342e-13
17 61 1.39209e-13
17 62 6.83212e-14
17 63 3.16235e-14
17 64 1.38134e-14
17 65 5.69763e-15
17 66 2.22049e-15
17 67 8.18109e-16
17 68 2.85115e-16
17 69 9.40361e-17
17 70 2.93659e-17
17 71 8.68668e-18
17 72 2.435e-18
17 73 6.47042e-19
17 74 1.63037e-19
17 75 3.89647e-20
17 76 8.83449e-21
17 77 1.90058e-21
17 78 3.87999e-22
17 79 7.51693e-23
17 80 1.38202e-23
17 81 2.41117e-24
17 82 3.99143e-25
17 83 6.26814e-26
17 84 9.33582e-27
17 85 1.31836e-27
17 86 1.76446e-28
17 87 2.23713e-29
17 88 2.68555e-30
17 89 3.05045e-31
17 90 3.27618e-32
17 91 3.3242e-33
17 92 3.18356e-34
17 93 2.87466e-35
17 94 2.44449e-36
17 95 1.95495e-37
17 96 1.46815e-38
17 97 1.0336e-39
17 98 6.78471e-41
17 99 0
18 0 0
18 1 4.58889e-41
18 2 7.13736e-40
18 3 1.03563e-38
18 4 1.40928e-37
18 5 1.80165e-36
18 6 2.16711e-35
18 7 2.45594e-34
18 8 2.62549e-33
18 9 2.65047e-32
18 10 2.52912e-31
18 11 2.28306e-30
18 12 1.95115e-29
18 13 1.57968e-28
18 14 1.21227e-27
18 15 8.82245e-27
18 16 6.0914e-26
18 17 3.99143e-25
18 18 2.48279e-24
18 19 1.46636e-23
18 20 8.22423e-23
18 21 4.38065e-22
18 22 2.21607e-21
18 23 1.06468e-20
18 24 4.85753e-20
18 25 2.10432e-19
18 26 8.65435e-19
18 27 3.37819e-18
18 28 1.25125e-17
18 29 4.39618e-17
18 30 1.46461e-16
18 31 4.62502e-16
18 32 1.38374e-15
18 33 3.92051e-15
18 34 1.05137e-14
18 35 2.66719e-14
18 36 6.39731e-14
18 37 1.44987e-13
18 38 3.10303e-13
18 39 6.26763e-13
18 40 1.19402e-12
18 41 2.14411e-12
18 42 3.62701e-12
18 43 5.77654e-12
18 44 8.65705e-12
18 45 1.22023e-11
18 46 1.61691e-11
18 47 2.01347e-11
18 48 2.35551e-11
18 49 2.58826e-11
18 50 2.67089e-11
18 51 2.58826e-11
18 52 2.35551e-11
18 53 2.01347e-11
18 54 1.61691e-11
18 55 1.22023e-11
18 56 8.65705e-12
18 57 5.77654e-12
18 58 3.62701e-12
18 59 2.14411e-12
18 60 1.19402e-12
18 61 6.26763e-13
18 62 3.10303e-13
18 63 1.44987e-13
18 64 6.39731e-14
18 65 2.66719e-14
18 66 1.05137e-14
18 67 3.92051e-15
18 68 1.38374e-15
18 69 4.62502e-16
18 70 1.46461e-16
18 71 4.39618e-17
18 72 1.25125e-17
18 73 3.37819e-18
18 74 8.65435e-19
18 75 2.10432e-19
18 76 4.85753e-20
18 77 1.06468e-20
18 78 2.21607e-21
18 79 4.38065e-22
18 80 8.22423e-23
18 81 1.46636e-23
18 82 2.48279e-24
18 83 3.99143e-25
18 84 6.0914e-26
18 85 8.82245e-27
18 86 1.21227e-27
18 87 1.57968e-28
18 88 1.95115e-29
18 89 2.28306e-30
18 90 2.52912e-31
18 91 2.65047e-32
18 92 2.62549e-33
18 93 2.45594e-34
18 94 2.16711e-35
18 95 1.80165e-36
18 96 1.40928e-37
18 97 1.03561e-38
18 98 7.10969e-40
18 99 0
19 0 0
19 1 4.66746e-40
19 2 6.94148e-39
19 3 9.64989e-38
19 4 1.2608e-36
19 5 1.55058e-35
19 6 1.79748e-34
19 7 1.96647e-33
19 8 2.03253e-32
19 9 1.9867e-31
19 10 1.83801e-30
19 11 1.6107e-29
19 12 1.33789e-28
19 13 1.05395e-27
19 14 7.87821e-27
19 15 5.59028e-26
19 16 3.76696e-25
19 17 2.41117e-24
19 18 1.46636e-23
19 19 8.47436e-23
19 20 4.65448e-22
19 21 2.42974e-21
19 22 1.20552e-20
19 23 5.68448e-20
19 24 2.54724e-19
19 25 1.08455e-18
19 26 4.38672e-18
19 27 1.68516e-17
19 28 6.14657e-17
19 29 2.12799e-16
19 30 6.9903e-16
19 31 2.17788e-15
19 32 6.43269e-15
19 33 1.80038e-14
19 34 4.77232e-14
19 35 1.19744e-13
19 36 2.84248e-13
19 37 6.37975e-13
19 38 1.35306e-12
19 39 2.71002e-12
19 40 5.12285e-12
19 41 9.13422e-12
19 42 1.53532e-11
19 43 2.43138e-11
19 44 3.62579e-11
19 45 5.08909e-11
19 46 6.72015e-11
19 47 8.34563e-11
19 48 9.74437e-11
19 49 1.06947e-10
19 50 1.10318e-10
19 51 1.06947e-10
19 52 9.74437e-11
19 53 8.34563e-11
19 54 6.72015e-11
19 55 5.08909e-11
19 56 3.62579e-11
19 57 2.43138e-11
19 58 1.53532e-11
19 59 9.13422e-12
19 60 5.12285e-12
19 61 2.71002e-12
19 62 1.35306e-12
19 63 6.37975e-13
19 64 2.84248e-13
19 65 1.19744e-13
19 66 4.77232e-14
19 67 1.80038e-14
19 68 6.43269e-15
19 69 2.17788e-15
19 70 6.9903e-16
19 71 2.12799e-16
19 72 6.14657e-17
19 73 1.68516e-17
19 74 4.38672e-18
19 75 1.08455e-18
19 76 2.54724e-19
19 77 5.68448e-20
19 78 1.20552e-20
19 79 2.42974e-21
19 80 4.65448e-22
19 81 8.47436e-23
19 82 1.46636e-23
19 83 2.41117e-24
19 84 3.76696e-25
19 85 5.59028e-26
19 86 7.87821e-27
19 87 1.05395e-27
19 88 1.33789e-28
19 89 1.6107e-29
19 90 1.83801e-30
19 91 1.9867e-31
19 92 2.03253e-32
19 93 1.96647e-33
19 94 1.79748e-34
19 95 1.55058e-35
19 96 1.2608e-36
19 97 9.64971e-38
19 98 6.91197e-39
19 99 0
20 0 0
20 1 4.40083e-39
20 2 6.27323e-38
20 3 8.37367e-37
20 4 1.05255e-35
20 5 1.2476e-34
20 6 1.39622e-33
20 7 1.47691e-32
20 8 1.47811e-31
20 9 1.40085e-30
20 10 1.25818e-29
20 11 1.07167e-28
20 12 8.66169e-28
20 13 6.64654e-27
20 14 4.84432e-26
20 15 3.3549e-25
20 16 2.20836e-24
20 17 1.38202e-23
20 18 8.22423e-23
20 19 4.65448e-22
20 20 2.5054e-21
20 21 1.28271e-20
20 22 6.24613e-20
20 23 2.89267e-19
20 24 1.27391e-18
20 25 5.3341e-18
20 26 2.12313e-17
20 27 8.03107e-17
20 28 2.88621e-16
20 29 9.85129e-16
20 30 3.19234e-15
20 31 9.81742e-15
20 32 2.86395e-14
20 33 7.92151e-14
20 34 2.07636e-13
20 35 5.15489e-13
20 36 1.21148e-12
20 37 2.69369e-12
20 38 5.66309e-12
20 39 1.12507e-11
20 40 2.1109e-11
20 41 3.73821e-11
20 42 6.24479e-11
20 43 9.83545e-11
20 44 1.45972e-10
20 45 2.04052e-10
20 46 2.68551e-10
20 47 3.32638e-10
20 48 3.87662e-10
20 49 4.2499e-10
20 50 4.38221e-10
20 51 4.2499e-10
20 52 3.87662e-10
20 53 3.32638e-10
20 54 2.68551e-10
20 55 2.04052e-10
20 56 1.45972e-10
20 57 9.83545e-11
20 58 6.24479e-11
20 59 3.73821e-11
20 60 2.1109e-11
20 61 1.12507e-11
20 62 5.66309e-12
20 63 2.69369e-12
20 64 1.21148e-12
20 65 5.15489e-13
20 66 2.07636e-13
20 67 7.92151e-14
20 68 2.86395e-14
20 69 9.81742e-15
20 70 3.19234e-15
20 71 9.85129e-16
20 72 2.88621e-16
20 73 8.03107e-17
20 74 2.12313e-17
20 75 5.3341e-18
20 76 1.27391e-18
20 77 2.89267e-19
20 78 6.24613e-20
20 79 1.28271e-20
20 80 2.5054e-21
20 81 4.65448e-22
20 82 8.22423e-23
20 83 1.38202e-23
20 84 2.20836e-24
20 85 3.3549e-25
20 86 4.84432e-26
20 87 6.64654e-27
20 88 8.66169e-28
20 89 1.07167e-28
20 90 1.25818e-29
20 91 1.40085e-30
20 92 1.47811e-31
20 93 1.47691e-32
20 94 1.39622e-33
20 95 1.2476e-34
20 96 1.05255e-35
20 97 8.37349e-37
20 98 6.24412e-38
20 99 0
21 0 0
21 1 3.85248e-38
21 2 5.27524e-37
21 3 6.77483e-36
21 4 8.20797e-35
21 5 9.39299e-34
21 6 1.01645e-32
21 7 1.04117e-31
21 8 1.01038e-30
21 9 9.29674e-30
21 10 8.11626e-29
21 11 6.72713e-28
21 12 5.29645e-27
21 13 3.96299e-26
21 14 2.81914e-25
21 15 1.90726e-24
21 16 1.2275e-23
21 17 7.51693e-23
21 18 4.38065e-22
21 19 2.42974e-21
21 20 1.28271e-20
21 21 6.44531e-20
21 22 3.08241e-19
21 23 1.4029e-18
21 24 6.07569e-18
21 25 2.50334e-17
21 26 9.81075e-17
21 27 3.6562e-16
21 28 1.29531e-15
21 29 4.36097e-15
21 30 1.39475e-14
21 31 4.23577e-14
21 32 1.22095e-13
21 33 3.3388e-13
21 34 8.65737e-13
21 35 2.12744e-12
21 36 4.95181e-12
21 37 1.09109e-11
21 38 2.27456e-11
21 39 4.48353e-11
21 40 8.35169e-11
21 41 1.4693e-10
21 42 2.44e-10
21 43 3.82275e-10
21 44 5.64746e-10
21 45 7.86363e-10
21 46 1.0316e-09
21 47 1.27456e-09
21 48 1.48272e-09
21 49 1.62373e-09
21 50 1.67367e-09
21 51 1.62373e-09
21 52 1.48272e-09
21 53 1.27456e-09
21 54 1.0316e-09
21 55 7.86363e-10
21 56 5.64746e-10
21 57 3.82275e-10
21 58 2.44e-10
21 59 1.4693e-10
21 60 8.35169e-11
21 61 4.48353e-11
21 62 2.27456e-11
21 63 1.09109e-11
21 64 4.95181e-12
21 65 2.12744e-12
21 66 8.65737e-13
21 67 3.3388e-13
21 68 1.22095e-13
21 69 4.23577e-14
21 70 1.39475e-14
21 71 4.36097e-15
21 72 1.29531e-15
21 73 3.6562e-16
21 74 9.81075e-17
21 75 2.50334e-17
21 76 6.07569e-18
21 77 1.4029e-18
21 78 3.08241e-19
21 79 6.44531e-20
21 80 1.28271e-20
21 81 2.42974e-21
21 82 4.38065e-22
21 83 7.51693e-23
21 84 1.2275e-23
21 85 1.90726e-24
21 86 2.81914e-25
21 87 3.96299e-26
21 88 5.29645e-27
21 89 6.72713e-28
21 90 8.11626e-29
21 91 9.29674e-30
21 92 1.01038e-30
21 93 1.04117e-31
21 94 1.01645e-32
21 95 9.39299e-34
21 96 8.20797e-35
21 97 6.77466e-36
21 98 5.24864e-37
21 99 0
22 0 0
22 1 3.13522e-37
22 2 4.13239e-36
22 3 5.11568e-35
22 4 5.98421e-34
22 5 6.62234e-33
22 6 6.93994e-32
22 7 6.89336e-31
22 8 6.4951e-30
22 9 5.80939e-29
22 10 4.93558e-28
22 11 3.9852e-27
22 12 3.05967e-26
22 13 2.23455e-25
22 14 1.55292e-24
22 15 1.02726e-23
22 16 6.46966e-23
22 17 3.87999e-22
22 18 2.21607e-21
22 19 1.20552e-20
22 20 6.24613e-20
22 21 3.08241e-19
22 22 1.44871e-18
22 23 6.48393e-18
22 24 2.7631e-17
22 25 1.12091e-16
22 26 4.32774e-16
22 27 1.58983e-15
22 28 5.55521e-15
22 29 1.84572e-14
22 30 5.82876e-14
22 31 1.74885e-13
22 32 4.98314e-13
22 33 1.34778e-12
22 34 3.45846e-12
22 35 8.41524e-12
22 36 1.94058e-11
22 37 4.23876e-11
22 38 8.7647e-11
22 39 1.71466e-10
22 40 3.17185e-10
22 41 5.54494e-10
22 42 9.15572e-10
22 43 1.42716e-09
22 44 2.09907e-09
22 45 2.91178e-09
22 46 3.808e-09
22 47 4.6935e-09
22 48 5.45055e-09
22 49 5.96268e-09
22 50 6.14395e-09
22 51 5.96268e-09
22 52 5.45055e-09
22 53 4.6935e-09
22 54 3.808e-09
22 55 2.91178e-09
22 56 2.09907e-09
22 57 1.42716e-09
22 58 9.15572e-10
22 59 5.54494e-10
22 60 3.17185e-10
22 61 1.71466e-10
22 62 8.7647e-11
22 63 4.23876e-11
22 64 1.94058e-11
22 65 8.41524e-12
22 66 3.45846e-12
22 67 1.34778e-12
22 68 4.98314e-13
22 69 1.74885e-13
22 70 5.82876e-14
22 71 1.84572e-14
22 72 5.55521e-15
22 73 1.58983e-15
22 74 4.32774e-16
22 75 1.12091e-16
22 76 2.7631e-17
22 77 6.48393e-18
22 78 1.44871e-18
22 79 3.08241e-19
22 80 6.24613e-20
22 81 1.20552e-20
22 82 2.21607e-21
22 83 3.87999e-22
22 84 6.46966e-23
22 85 1.02726e-23
22 86 1.55292e-24
22 87 2.23455e-25
22 88 3.05967e-26
22 89 3.9852e-27
22 90 4.93558e-28
22 91 5.80939e-29
22 92 6.4951e-30
22 93 6.89336e-31
22 94 6.93994e-32
22 95 6.62234e-33
22 96 5.98421e-34
22 97 5.11553e-35
22 98 4.10985e-36
22 99 0
23 0 0
23 1 2.37463e-36
23 2 3.01844e-35
23 3 3.60819e-34
23 4 4.08193e-33
23 5 4.37488e-32
23 6 4.44618e-31
23 7 4.28829e-30
23 8 3.92801e-29
23 9 3.41925e-28
23 10 2.83014e-27
23 11 2.22852e-26
23 12 1.67011e-25
23 13 1.19166e-24
23 14 8.09792e-24
23 15 5.24222e-23
23 16 3.23344e-22
23 17 1.90058e-21
23 18 1.06468e-20
23 19 5.68448e-20
23 20 2.89267e-19
23 21 1.4029e-18
23 22 6.48393e-18
23 23 2.85549e-17
23 24 1.19806e-16
23 25 4.78794e-16
23 26 1.82213e-15
23 27 6.60163e-15
23 28 2.27628e-14
23 29 7.46708e-14
23 30 2.32947e-13
23 31 6.90818e-13
23 32 1.9466e-12
23 33 5.20942e-12
23 34 1.32338e-11
23 35 3.18959e-11
23 36 7.28965e-11
23 37 1.57892e-10
23 38 3.23928e-10
23 39 6.29114e-10
23 40 1.156e-09
23 41 2.00858e-09
23 42 3.29833e-09
23 43 5.11625e-09
23 44 7.49295e-09
23 45 1.03564e-08
23 46 1.35037e-08
23 47 1.6605e-08
23 48 1.92512e-08
23 49 2.10389e-08
23 50 2.16712e-08
23 51 2.10389e-08
23 52 1.92512e-08
23 53 1.6605e-08
23 54 1.35037e-08
23 55 1.03564e-08
23 56 7.49295e-09
23 57 5.11625e-09
23 58 3.29833e-09
23 59 2.00858e-09
23 60 1.156e-09
23 61 6.29114e-10
23 62 3.23928e-10
23 63 1.57892e-10
23 64 7.28965e-11
23 65 3.18959e-11
23 66 1.32338e-11
23 67 5.20942e-12
23 68 1.9466e-12
23 69 6.90818e-13
23 70 2.32947e-13
23 71 7.46708e-14
23 72 2.27628e-14
23 73 6.60163e-15
23 74 1.82213e-15
23 75 4.78794e-16
23 76 1.19806e-16
23 77 2.85549e-17
23 78 6.48393e-18
23 79 1.4029e-18
23 80 2.89267e-19
23 81 5.68448e-20
23 82 1.06468e-20
23 83 1.90058e-21
