0 0 0
0 1 0
0 2 0
0 3 0
0 4 0
0 5 0
0 6 0
0 7 0
0 8 0
0 9 0
0 10 0
0 11 0
0 12 0
0 13 0
0 14 0
0 15 0
0 16 0
0 17 0
0 18 0
0 19 0
0 20 0
0 21 0
0 22 0
0 23 0
0 24 0
0 25 0
0 26 0
0 27 0
0 28 0
0 29 0
0 30 0
0 31 0
0 32 0
0 33 0
0 34 0
0 35 0
0 36 0
0 37 0
0 38 0
0 39 0
0 40 0
0 41 0
0 42 0
0 43 0
0 44 0
0 45 0
0 46 0
0 47 0
0 48 0
0 49 0
0 50 0
0 51 0
0 52 0
0 53 0
0 54 0
0 55 0
0 56 0
0 57 0
0 58 0
0 59 0
0 60 0
0 61 0
0 62 0
0 63 0
0 64 0
0 65 0
0 66 0
0 67 0
0 68 0
0 69 0
0 70 0
0 71 0
0 72 0
0 73 0
0 74 0
0 75 0
0 76 0
0 77 0
0 78 0
0 79 0
0 80 0
0 81 0
0 82 0
0 83 0
0 84 0
0 85 0
0 86 0
0 87 0
0 88 0
0 89 0
0 90 0
0 91 0
0 92 0
0 93 0
0 94 0
0 95 0
0 96 0
0 97 0
0 98 0
0 99 0
1 0 0
1 1 7.42183e-08
1 2 1.51977e-07
1 3 2.36903e-07
1 4 3.32795e-07
1 5 4.43708e-07
1 6 5.74031e-07
1 7 7.28562e-07
1 8 9.12579e-07
1 9 1.13189e-06
1 10 1.39289e-06
1 11 1.70258e-06
1 12 2.0686e-06
1 13 2.49921e-06
1 14 3.00327e-06
1 15 3.59017e-06
1 16 4.26976e-06
1 17 5.05225e-06
1 18 5.94801e-06
1 19 6.96742e-06
1 20 8.12065e-06
1 21 9.41738e-06
1 22 1.08666e-05
1 23 1.2476e-05
1 24 1.42523e-05
1 25 1.62e-05
1 26 1.83218e-05
1 27 2.06178e-05
1 28 2.30855e-05
1 29 2.57192e-05
1 30 2.85099e-05
1 31 3.14453e-05
1 32 3.45092e-05
1 33 3.7682e-05
1 34 4.09404e-05
1 35 4.42577e-05
1 36 4.76042e-05
1 37 5.0947e-05
1 38 5.42514e-05
1 39 5.74805e-05
1 40 6.05965e-05
1 41 6.35611e-05
1 42 6.63365e-05
1 43 6.88859e-05
1 44 7.11746e-05
1 45 7.31705e-05
1 46 7.4845e-05
1 47 7.6174e-05
1 48 7.71377e-05
1 49 7.77217e-05
1 50 7.79174e-05
1 51 7.77217e-05
1 52 7.71377e-05
1 53 7.6174e-05
1 54 7.4845e-05
1 55 7.31705e-05
1 56 7.11746e-05
1 57 6.88859e-05
1 58 6.63365e-05
1 59 6.35611e-05
1 60 6.05965e-05
1 61 5.74805e-05
1 62 5.42514e-05
1 63 5.0947e-05
1 64 4.76042e-05
1 65 4.42577e-05
1 66 4.09404e-05
1 67 3.7682e-05
1 68 3.45092e-05
1 69 3.14453e-05
1 70 2.85099e-05
1 71 2.57192e-05
1 72 2.30855e-05
1 73 2.06178e-05
1 74 1.83217e-05
1 75 1.61999e-05
1 76 1.42522e-05
1 77 1.24759e-05
1 78 1.08664e-05
1 79 9.41712e-06
1 80 8.12028e-06
1 81 6.96692e-06
1 82 5.94732e-06
1 83 5.0513e-06
1 84 4.26847e-06
1 85 3.5884e-06
1 86 3.00088e-06
1 87 2.49601e-06
1 88 2.06432e-06
1 89 1.69688e-06
1 90 1.38534e-06
1 91 1.12196e-06
1 92 8.9957e-07
1 93 7.11613e-07
1 94 5.52062e-07
1 95 4.15383e-07
1 96 2.96469e-07
1 97 1.90562e-07
1 98 9.31741e-08
1 99 0
2 0 0
2 1 1.51977e-07
2 2 3.11202e-07
2 3 4.85102e-07
2 4 6.81455e-07
2 5 9.08562e-07
2 6 1.17541e-06
2 7 1.49182e-06
2 8 1.8686e-06
2 9 2.31764e-06
2 10 2.85202e-06
2 11 3.4861e-06
2 12 4.2355e-06
2 13 5.11714e-06
2 14 6.14913e-06
2 15 7.35073e-06
2 16 8.7421e-06
2 17 1.03441e-05
2 18 1.2178e-05
2 19 1.4265e-05
2 20 1.6626e-05
2 21 1.92808e-05
2 22 2.22476e-05
2 23 2.55425e-05
2 24 2.91789e-05
2 25 3.31662e-05
2 26 3.75099e-05
2 27 4.22103e-05
2 28 4.7262e-05
2 29 5.26536e-05
2 30 5.83666e-05
2 31 6.43756e-05
2 32 7.06478e-05
2 33 7.71428e-05
2 34 8.38131e-05
2 35 9.0604e-05
2 36 9.74544e-05
2 37 0.000104297
2 38 0.000111062
2 39 0.000117672
2 40 0.00012405
2 41 0.000130119
2 42 0.0001358
2 43 0.000141019
2 44 0.000145704
2 45 0.00014979
2 46 0.000153218
2 47 0.000155938
2 48 0.000157911
2 49 0.000159106
2 50 0.000159507
2 51 0.000159106
2 52 0.000157911
2 53 0.000155938
2 54 0.000153218
2 55 0.00014979
2 56 0.000145704
2 57 0.000141019
2 58 0.0001358
2 59 0.000130119
2 60 0.00012405
2 61 0.000117672
2 62 0.000111062
2 63 0.000104297
2 64 9.74544e-05
2 65 9.0604e-05
2 66 8.38131e-05
2 67 7.71428e-05
2 68 7.06478e-05
2 69 6.43756e-05
2 70 5.83666e-05
2 71 5.26535e-05
2 72 4.7262e-05
2 73 4.22102e-05
2 74 3.75098e-05
2 75 3.31661e-05
2 76 2.91787e-05
2 77 2.55423e-05
2 78 2.22472e-05
2 79 1.92802e-05
2 80 1.66253e-05
2 81 1.4264e-05
2 82 1.21766e-05
2 83 1.03422e-05
2 84 8.73945e-06
2 85 7.34712e-06
2 86 6.14426e-06
2 87 5.11058e-06
2 88 4.22673e-06
2 89 3.47443e-06
2 90 2.83658e-06
2 91 2.2973e-06
2 92 1.84196e-06
2 93 1.45711e-06
2 94 1.13042e-06
2 95 8.50558e-07
2 96 6.07067e-07
2 97 3.90208e-07
2 98 1.9079e-07
2 99 0
3 0 0
3 1 2.36903e-07
3 2 4.85102e-07
3 3 7.56172e-07
3 4 1.06223e-06
3 5 1.41622e-06
3 6 1.83215e-06
3 7 2.32532e-06
3 8 2.91256e-06
3 9 3.61241e-06
3 10 4.44527e-06
3 11 5.43348e-06
3 12 6.6014e-06
3 13 7.97538e-06
3 14 9.58367e-06
3 15 1.14562e-05
3 16 1.36245e-05
3 17 1.6121e-05
3 18 1.89788e-05
3 19 2.2231e-05
3 20 2.59101e-05
3 21 3.00469e-05
3 22 3.46699e-05
3 23 3.98042e-05
3 24 4.54704e-05
3 25 5.16834e-05
3 26 5.84516e-05
3 27 6.57756e-05
3 28 7.36469e-05
3 29 8.20476e-05
3 30 9.09492e-05
3 31 0.000100312
3 32 0.000110084
3 33 0.000120204
3 34 0.000130597
3 35 0.000141178
3 36 0.000151851
3 37 0.000162512
3 38 0.000173051
3 39 0.00018335
3 40 0.000193288
3 41 0.000202743
3 42 0.000211594
3 43 0.000219725
3 44 0.000227024
3 45 0.00023339
3 46 0.00023873
3 47 0.000242969
3 48 0.000246042
3 49 0.000247905
3 50 0.000248529
3 51 0.000247905
3 52 0.000246042
3 53 0.000242969
3 54 0.00023873
3 55 0.00023339
3 56 0.000227024
3 57 0.000219725
3 58 0.000211594
3 59 0.000202743
3 60 0.000193288
3 61 0.00018335
3 62 0.000173051
3 63 0.000162512
3 64 0.000151851
3 65 0.000141178
3 66 0.000130597
3 67 0.000120204
3 68 0.000110084
3 69 0.000100312
3 70 9.09492e-05
3 71 8.20476e-05
3 72 7.36469e-05
3 73 6.57755e-05
3 74 5.84515e-05
3 75 5.16832e-05
3 76 4.54701e-05
3 77 3.98038e-05
3 78 3.46693e-05
3 79 3.00461e-05
3 80 2.59089e-05
3 81 2.22294e-05
3 82 1.89766e-05
3 83 1.6118e-05
3 84 1.36204e-05
3 85 1.14506e-05
3 86 9.57606e-06
3 87 7.96515e-06
3 88 6.58772e-06
3 89 5.41528e-06
3 90 4.42119e-06
3 91 3.5807e-06
3 92 2.87103e-06
3 93 2.2712e-06
3 94 1.76201e-06
3 95 1.3258e-06
3 96 9.4627e-07
3 97 6.08243e-07
3 98 2.97399e-07
3 99 0
4 0 0
4 1 3.32795e-07
4 2 6.81455e-07
4 3 1.06223e-06
4 4 1.49216e-06
4 5 1.98939e-06
4 6 2.57359e-06
4 7 3.26628e-06
4 8 4.09107e-06
4 9 5.074e-06
4 10 6.2437e-06
4 11 7.63155e-06
4 12 9.27174e-06
4 13 1.12013e-05
4 14 1.34598e-05
4 15 1.60894e-05
4 16 1.91342e-05
4 17 2.26399e-05
4 18 2.66528e-05
4 19 3.12195e-05
4 20 3.63854e-05
4 21 4.2194e-05
4 22 4.86852e-05
4 23 5.58942e-05
4 24 6.38498e-05
4 25 7.25731e-05
4 26 8.20758e-05
4 27 9.23586e-05
4 28 0.00010341
4 29 0.000115204
4 30 0.000127701
4 31 0.000140846
4 32 0.000154566
4 33 0.000168773
4 34 0.000183363
4 35 0.000198217
4 36 0.000213201
4 37 0.000228168
4 38 0.000242963
4 39 0.00025742
4 40 0.000271371
4 41 0.000284645
4 42 0.00029707
4 43 0.000308484
4 44 0.000318731
4 45 0.000327666
4 46 0.000335164
4 47 0.000341113
4 48 0.000345427
4 49 0.000348042
4 50 0.000348918
4 51 0.000348042
4 52 0.000345427
4 53 0.000341113
4 54 0.000335164
4 55 0.000327666
4 56 0.000318731
4 57 0.000308484
4 58 0.00029707
4 59 0.000284645
4 60 0.000271371
4 61 0.00025742
4 62 0.000242963
4 63 0.000228168
4 64 0.000213201
4 65 0.000198217
4 66 0.000183363
4 67 0.000168773
4 68 0.000154566
4 69 0.000140846
4 70 0.000127701
4 71 0.000115204
4 72 0.00010341
4 73 9.23585e-05
4 74 8.20756e-05
4 75 7.25728e-05
4 76 6.38494e-05
4 77 5.58936e-05
4 78 4.86844e-05
4 79 4.21929e-05
4 80 3.63838e-05
4 81 3.12172e-05
4 82 2.66497e-05
4 83 2.26356e-05
4 84 1.91284e-05
4 85 1.60815e-05
4 86 1.34491e-05
4 87 1.11869e-05
4 88 9.25252e-06
4 89 7.60598e-06
4 90 6.20986e-06
4 91 5.02944e-06
4 92 4.03271e-06
4 93 3.19024e-06
4 94 2.47505e-06
4 95 1.86235e-06
4 96 1.32924e-06
4 97 8.54415e-07
4 98 4.17766e-07
4 99 0
5 0 0
5 1 4.43708e-07
5 2 9.08562e-07
5 3 1.41622e-06
5 4 1.98939e-06
5 5 2.65226e-06
5 6 3.43105e-06
5 7 4.35442e-06
5 8 5.45386e-06
5 9 6.76404e-06
5 10 8.32313e-06
5 11 1.01729e-05
5 12 1.2359e-05
5 13 1.49307e-05
5 14 1.79407e-05
5 15 2.14453e-05
5 16 2.5503e-05
5 17 3.01748e-05
5 18 3.55225e-05
5 19 4.1608e-05
5 20 4.8492e-05
5 21 5.62321e-05
5 22 6.48817e-05
5 23 7.44875e-05
5 24 8.5088e-05
5 25 9.67113e-05
5 26 0.000109373
5 27 0.000123073
5 28 0.000137798
5 29 0.000153512
5 30 0.000170162
5 31 0.000187675
5 32 0.000205954
5 33 0.000224882
5 34 0.00024432
5 35 0.000264108
5 36 0.00028407
5 37 0.00030401
5 38 0.00032372
5 39 0.00034298
5 40 0.000361566
5 41 0.000379248
5 42 0.000395801
5 43 0.000411006
5 44 0.000424656
5 45 0.00043656
5 46 0.000446547
5 47 0.000454473
5 48 0.00046022
5 49 0.000463703
5 50 0.00046487
5 51 0.000463703
5 52 0.00046022
5 53 0.000454473
5 54 0.000446547
5 55 0.00043656
5 56 0.000424656
5 57 0.000411006
5 58 0.000395801
5 59 0.000379248
5 60 0.000361566
5 61 0.00034298
5 62 0.00032372
5 63 0.00030401
5 64 0.00028407
5 65 0.000264108
5 66 0.00024432
5 67 0.000224882
5 68 0.000205954
5 69 0.000187675
5 70 0.000170162
5 71 0.000153512
5 72 0.000137798
5 73 0.000123073
5 74 0.000109373
5 75 9.67109e-05
5 76 8.50875e-05
5 77 7.44867e-05
5 78 6.48806e-05
5 79 5.62306e-05
5 80 4.84898e-05
5 81 4.1605e-05
5 82 3.55184e-05
5 83 3.01691e-05
5 84 2.54953e-05
5 85 2.14347e-05
5 86 1.79265e-05
5 87 1.49115e-05
5 88 1.23334e-05
5 89 1.01388e-05
5 90 8.278e-06
5 91 6.70462e-06
5 92 5.37603e-06
5 93 4.25303e-06
5 94 3.29965e-06
5 95 2.48286e-06
5 96 1.77215e-06
5 97 1.13912e-06
5 98 5.56979e-07
5 99 0
6 0 0
6 1 5.74031e-07
6 2 1.17541e-06
6 3 1.83215e-06
6 4 2.57359e-06
6 5 3.43105e-06
6 6 4.43842e-06
6 7 5.63275e-06
6 8 7.05475e-06
6 9 8.74927e-06
6 10 1.07656e-05
6 11 1.31579e-05
6 12 1.5985e-05
6 13 1.93106e-05
6 14 2.3203e-05
6 15 2.77347e-05
6 16 3.29816e-05
6 17 3.90223e-05
6 18 4.59369e-05
6 19 5.38052e-05
6 20 6.27057e-05
6 21 7.27129e-05
6 22 8.38957e-05
6 23 9.63145e-05
6 24 0.000110019
6 25 0.000125045
6 26 0.000141414
6 27 0.000159125
6 28 0.000178159
6 29 0.000198473
6 30 0.000219997
6 31 0.000242634
6 32 0.000266262
6 33 0.000290729
6 34 0.000315854
6 35 0.000341433
6 36 0.000367235
6 37 0.000393008
6 38 0.000418484
6 39 0.000443378
6 40 0.0004674
6 41 0.000490255
6 42 0.00051165
6 43 0.000531303
6 44 0.000548945
6 45 0.00056433
6 46 0.000577238
6 47 0.000587482
6 48 0.00059491
6 49 0.000599412
6 50 0.00060092
6 51 0.000599412
6 52 0.00059491
6 53 0.000587482
6 54 0.000577238
6 55 0.00056433
6 56 0.000548945
6 57 0.000531303
6 58 0.00051165
6 59 0.000490255
6 60 0.0004674
6 61 0.000443378
6 62 0.000418484
6 63 0.000393008
6 64 0.000367235
6 65 0.000341433
6 66 0.000315854
6 67 0.000290729
6 68 0.000266262
6 69 0.000242634
6 70 0.000219996
6 71 0.000198473
6 72 0.000178159
6 73 0.000159125
6 74 0.000141413
6 75 0.000125045
6 76 0.000110018
6 77 9.63134e-05
6 78 8.38942e-05
6 79 7.27109e-05
6 80 6.27029e-05
6 81 5.38013e-05
6 82 4.59315e-05
6 83 3.90149e-05
6 84 3.29715e-05
6 85 2.7721e-05
6 86 2.31845e-05
6 87 1.92857e-05
6 88 1.59518e-05
6 89 1.31138e-05
6 90 1.07072e-05
6 91 8.67236e-06
6 92 6.95403e-06
6 93 5.50154e-06
6 94 4.26839e-06
6 95 3.21186e-06
6 96 2.29252e-06
6 97 1.47363e-06
6 98 7.20544e-07
6 99 0
7 0 0
7 1 7.28562e-07
7 2 1.49182e-06
7 3 2.32532e-06
7 4 3.26628e-06
7 5 4.35442e-06
7 6 5.63275e-06
7 7 7.14824e-06
7 8 8.95256e-06
7 9 1.11026e-05
7 10 1.36609e-05
7 11 1.6696e-05
7 12 2.02826e-05
7 13 2.45015e-05
7 14 2.94394e-05
7 15 3.51881e-05
7 16 4.18438e-05
7 17 4.95064e-05
7 18 5.8277e-05
7 19 6.82573e-05
7 20 7.95464e-05
7 21 9.22389e-05
7 22 0.000106422
7 23 0.000122173
7 24 0.000139553
7 25 0.00015861
7 26 0.000179368
7 27 0.000201829
7 28 0.000225968
7 29 0.000251728
7 30 0.000279022
7 31 0.000307728
7 32 0.00033769
7 33 0.000368714
7 34 0.000400573
7 35 0.000433007
7 36 0.000465724
7 37 0.000498404
7 38 0.000530706
7 39 0.000562271
7 40 0.000592729
7 41 0.000621707
7 42 0.000648834
7 43 0.000673751
7 44 0.00069612
7 45 0.000715626
7 46 0.000731993
7 47 0.00074498
7 48 0.000754398
7 49 0.000760106
7 50 0.000762018
7 51 0.000760106
7 52 0.000754398
7 53 0.00074498
7 54 0.000731993
7 55 0.000715626
7 56 0.00069612
7 57 0.000673751
7 58 0.000648834
7 59 0.000621707
7 60 0.000592729
7 61 0.000562271
7 62 0.000530706
7 63 0.000498404
7 64 0.000465724
7 65 0.000433007
7 66 0.000400573
7 67 0.000368714
7 68 0.000337689
7 69 0.000307728
7 70 0.000279022
7 71 0.000251727
7 72 0.000225967
7 73 0.000201829
7 74 0.000179368
7 75 0.000158609
7 76 0.000139552
7 77 0.000122171
7 78 0.00010642
7 79 9.22363e-05
7 80 7.95428e-05
7 81 6.82523e-05
7 82 5.82702e-05
7 83 4.9497e-05
7 84 4.18311e-05
7 85 3.51707e-05
7 86 2.9416e-05
7 87 2.447e-05
7 88 2.02405e-05
7 89 1.66399e-05
7 90 1.35867e-05
7 91 1.10049e-05
7 92 8.8247e-06
7 93 6.98167e-06
7 94 5.41689e-06
7 95 4.07617e-06
7 96 2.90949e-06
7 97 1.87025e-06
7 98 9.1448e-07
7 99 0
8 0 0
8 1 9.12579e-07
8 2 1.8686e-06
8 3 2.91256e-06
8 4 4.09107e-06
8 5 5.45386e-06
8 6 7.05475e-06
8 7 8.95256e-06
8 8 1.1212e-05
8 9 1.39042e-05
8 10 1.71074e-05
8 11 2.09076e-05
8 12 2.53981e-05
8 13 3.06801e-05
8 14 3.6862e-05
8 15 4.40587e-05
8 16 5.23907e-05
8 17 6.19828e-05
8 18 7.29617e-05
8 19 8.54544e-05
8 20 9.9585e-05
8 21 0.000115472
8 22 0.000133224
8 23 0.000152938
8 24 0.000174691
8 25 0.000198542
8 26 0.000224521
8 27 0.000252631
8 28 0.000282839
8 29 0.000315077
8 30 0.000349233
8 31 0.000385156
8 32 0.00042265
8 33 0.000461472
8 34 0.000501339
8 35 0.000541925
8 36 0.000582863
8 37 0.000623755
8 38 0.000664174
8 39 0.00070367
8 40 0.000741781
8 41 0.000778039
8 42 0.000811981
8 43 0.000843159
8 44 0.000871147
8 45 0.000895554
8 46 0.000916031
8 47 0.000932281
8 48 0.000944065
8 49 0.000951207
8 50 0.000953599
8 51 0.000951207
8 52 0.000944065
8 53 0.000932281
8 54 0.000916031
8 55 0.000895554
8 56 0.000871147
8 57 0.000843159
8 58 0.000811981
8 59 0.000778039
8 60 0.000741781
8 61 0.00070367
8 62 0.000664174
8 63 0.000623755
8 64 0.000582863
8 65 0.000541925
8 66 0.000501339
8 67 0.000461472
8 68 0.000422649
8 69 0.000385156
8 70 0.000349233
8 71 0.000315076
8 72 0.000282839
8 73 0.000252631
8 74 0.000224521
8 75 0.000198541
8 76 0.00017469
8 77 0.000152936
8 78 0.000133222
8 79 0.000115469
8 80 9.95806e-05
8 81 8.54482e-05
8 82 7.29532e-05
8 83 6.19711e-05
8 84 5.23747e-05
8 85 4.40369e-05
8 86 3.68326e-05
8 87 3.06406e-05
8 88 2.53453e-05
8 89 2.08373e-05
8 90 1.70145e-05
8 91 1.37818e-05
8 92 1.10518e-05
8 93 8.74386e-06
8 94 6.7843e-06
8 95 5.10526e-06
8 96 3.6441e-06
8 97 2.3425e-06
8 98 1.1454e-06
8 99 0
9 0 0
9 1 1.13189e-06
9 2 2.31764e-06
9 3 3.61241e-06
9 4 5.074e-06
9 5 6.76404e-06
9 6 8.74927e-06
9 7 1.11026e-05
9 8 1.39042e-05
9 9 1.72422e-05
9 10 2.12138e-05
9 11 2.59252e-05
9 12 3.14923e-05
9 13 3.80405e-05
9 14 4.5704e-05
9 15 5.46252e-05
9 16 6.49535e-05
9 17 7.68432e-05
9 18 9.04517e-05
9 19 0.000105936
9 20 0.00012345
9 21 0.00014314
9 22 0.000165142
9 23 0.000189574
9 24 0.000216533
9 25 0.00024609
9 26 0.000278285
9 27 0.00031312
9 28 0.000350554
9 29 0.000390501
9 30 0.000432826
9 31 0.000477339
9 32 0.000523797
9 33 0.000571902
9 34 0.0006213
9 35 0.000671587
9 36 0.000722311
9 37 0.000772977
9 38 0.000823055
9 39 0.00087199
9 40 0.000919209
9 41 0.000964131
9 42 0.00100618
9 43 0.00104481
9 44 0.00107949
9 45 0.00110972
9 46 0.00113509
9 47 0.00115523
9 48 0.00116983
9 49 0.00117867
9 50 0.00118164
9 51 0.00117867
9 52 0.00116983
9 53 0.00115523
9 54 0.00113509
9 55 0.00110972
9 56 0.00107949
9 57 0.00104481
9 58 0.00100618
9 59 0.000964131
9 60 0.000919209
9 61 0.00087199
9 62 0.000823055
9 63 0.000772977
9 64 0.000722311
9 65 0.000671587
9 66 0.0006213
9 67 0.000571902
9 68 0.000523797
9 69 0.000477339
9 70 0.000432826
9 71 0.000390501
9 72 0.000350553
9 73 0.000313119
9 74 0.000278284
9 75 0.000246089
9 76 0.000216531
9 77 0.000189572
9 78 0.000165139
9 79 0.000143136
9 80 0.000123444
9 81 0.000105928
9 82 9.04411e-05
9 83 7.68287e-05
9 84 6.49336e-05
9 85 5.45982e-05
9 86 4.56675e-05
9 87 3.79915e-05
9 88 3.14268e-05
9 89 2.5838e-05
9 90 2.10984e-05
9 91 1.70904e-05
9 92 1.37054e-05
9 93 1.08437e-05
9 94 8.41375e-06
9 95 6.33159e-06
9 96 4.51954e-06
9 97 2.90529e-06
9 98 1.4206e-06
9 99 0
10 0 0
10 1 1.39289e-06
10 2 2.85202e-06
10 3 4.44527e-06
10 4 6.2437e-06
10 5 8.32313e-06
10 6 1.07656e-05
10 7 1.36609e-05
10 8 1.71074e-05
10 9 2.12138e-05
10 10 2.60993e-05
10 11 3.18946e-05
10 12 3.87423e-05
10 13 4.67964e-05
10 14 5.62219e-05
10 15 6.7194e-05
10 16 7.98962e-05
10 17 9.45183e-05
10 18 0.000111254
10 19 0.000130295
10 20 0.000151832
10 21 0.000176045
10 22 0.000203098
10 23 0.000233139
10 24 0.000266288
10 25 0.00030263
10 26 0.000342214
10 27 0.000385042
10 28 0.000431065
10 29 0.000480178
10 30 0.000532213
10 31 0.000586936
10 32 0.00064405
10 33 0.000703187
10 34 0.000763913
10 35 0.000825731
10 36 0.000888085
10 37 0.000950368
10 38 0.00101193
10 39 0.00107208
10 40 0.00113012
10 41 0.00118534
10 42 0.00123703
10 43 0.00128451
10 44 0.00132714
10 45 0.0013643
10 46 0.00139549
10 47 0.00142024
10 48 0.00143818
10 49 0.00144906
10 50 0.0014527
10 51 0.00144906
10 52 0.00143818
10 53 0.00142024
10 54 0.00139549
10 55 0.0013643
10 56 0.00132714
10 57 0.00128451
10 58 0.00123703
10 59 0.00118534
10 60 0.00113012
10 61 0.00107208
10 62 0.00101193
10 63 0.000950368
10 64 0.000888085
10 65 0.000825731
10 66 0.000763913
10 67 0.000703187
10 68 0.00064405
10 69 0.000586936
10 70 0.000532212
10 71 0.000480178
10 72 0.000431065
10 73 0.000385041
10 74 0.000342213
10 75 0.000302628
10 76 0.000266286
10 77 0.000233137
10 78 0.000203095
10 79 0.00017604
10 80 0.000151825
10 81 0.000130286
10 82 0.00011124
10 83 9.45004e-05
10 84 7.98717e-05
10 85 6.71607e-05
10 86 5.6177e-05
10 87 4.6736e-05
10 88 3.86616e-05
10 89 3.17873e-05
10 90 2.59573e-05
10 91 2.10269e-05
10 92 1.68627e-05
10 93 1.33421e-05
10 94 1.03526e-05
10 95 7.79086e-06
10 96 5.56129e-06
10 97 3.57502e-06
10 98 1.7481e-06
10 99 0
11 0 0
11 1 1.70258e-06
11 2 3.4861e-06
11 3 5.43348e-06
11 4 7.63155e-06
11 5 1.01729e-05
11 6 1.31579e-05
11 7 1.6696e-05
11 8 2.09076e-05
11 9 2.59252e-05
11 10 3.18946e-05
11 11 3.89755e-05
11 12 4.73418e-05
11 13 5.71817e-05
11 14 6.86967e-05
11 15 8.21006e-05
11 16 9.76177e-05
11 17 0.00011548
11 18 0.000135922
11 19 0.000159181
11 20 0.000185488
11 21 0.000215061
11 22 0.000248104
11 23 0.000284795
11 24 0.00032528
11 25 0.000369664
11 26 0.000418007
11 27 0.00047031
11 28 0.000526515
11 29 0.00058649
11 30 0.000650033
11 31 0.000716859
11 32 0.000786602
11 33 0.000858814
11 34 0.000932965
11 35 0.00100845
11 36 0.00108459
11 37 0.00116063
11 38 0.0012358
11 39 0.00130925
11 40 0.00138012
11 41 0.00144754
11 42 0.00151065
11 43 0.00156862
11 44 0.00162066
11 45 0.00166604
11 46 0.00170412
11 47 0.00173433
11 48 0.00175624
11 49 0.00176952
11 50 0.00177397
11 51 0.00176952
11 52 0.00175624
11 53 0.00173433
11 54 0.00170412
11 55 0.00166604
11 56 0.00162066
11 57 0.00156862
11 58 0.00151065
11 59 0.00144754
11 60 0.00138012
11 61 0.00130925
11 62 0.0012358
11 63 0.00116063
11 64 0.00108459
11 65 0.00100845
11 66 0.000932965
11 67 0.000858813
11 68 0.000786602
11 69 0.000716859
11 70 0.000650033
11 71 0.00058649
11 72 0.000526514
11 73 0.000470309
11 74 0.000418005
11 75 0.000369662
11 76 0.000325277
11 77 0.000284792
11 78 0.0002481
11 79 0.000215055
11 80 0.000185479
11 81 0.00015917
11 82 0.000135906
11 83 0.000115458
11 84 9.75877e-05
11 85 8.206e-05
11 86 6.86417e-05
11 87 5.71079e-05
11 88 4.72431e-05
11 89 3.88443e-05
11 90 3.1721e-05
11 91 2.56967e-05
11 92 2.06083e-05
11 93 1.63063e-05
11 94 1.2653e-05
11 95 9.52219e-06
11 96 6.7973e-06
11 97 4.36963e-06
11 98 2.13667e-06
11 99 0
12 0 0
12 1 2.0686e-06
12 2 4.2355e-06
12 3 6.6014e-06
12 4 9.27174e-06
12 5 1.2359e-05
12 6 1.5985e-05
12 7 2.02826e-05
12 8 2.53981e-05
12 9 3.14923e-05
12 10 3.87423e-05
12 11 4.73418e-05
12 12 5.75021e-05
12 13 6.94514e-05
12 14 8.34344e-05
12 15 9.97107e-05
12 16 0.000118552
12 17 0.00014024
12 18 0.000165061
12 19 0.000193301
12 20 0.00022524
12 21 0.000261144
12 22 0.00030126
12 23 0.000345803
12 24 0.000394951
12 25 0.000448831
12 26 0.000507515
12 27 0.000571006
12 28 0.000639231
12 29 0.000712033
12 30 0.000789162
12 31 0.000870275
12 32 0.000954927
12 33 0.00104258
12 34 0.00113258
12 35 0.00122419
12 36 0.0013166
12 37 0.0014089
12 38 0.00150013
12 39 0.00158926
12 40 0.00167527
12 41 0.0017571
12 42 0.0018337
12 43 0.00190405
12 44 0.00196721
12 45 0.00202228
12 46 0.00206849
12 47 0.00210516
12 48 0.00213174
12 49 0.00214786
12 50 0.00215326
12 51 0.00214786
12 52 0.00213174
12 53 0.00210516
12 54 0.00206849
12 55 0.00202228
12 56 0.00196721
12 57 0.00190405
12 58 0.0018337
12 59 0.0017571
12 60 0.00167527
12 61 0.00158926
12 62 0.00150013
12 63 0.0014089
12 64 0.0013166
12 65 0.00122419
12 66 0.00113258
12 67 0.00104258
12 68 0.000954927
12 69 0.000870275
12 70 0.000789162
12 71 0.000712032
12 72 0.000639231
12 73 0.000571005
12 74 0.000507514
12 75 0.000448829
12 76 0.000394948
12 77 0.0003458
12 78 0.000301255
12 79 0.000261137
12 80 0.00022523
12 81 0.000193287
12 82 0.000165042
12 83 0.000140214
12 84 0.000118516
12 85 9.96613e-05
12 86 8.33676e-05
12 87 6.93616e-05
12 88 5.73821e-05
12 89 4.71823e-05
12 90 3.85312e-05
12 91 3.12146e-05
12 92 2.50344e-05
12 93 1.9809e-05
12 94 1.53713e-05
12 95 1.15682e-05
12 96 8.25801e-06
12 97 5.30873e-06
12 98 2.59589e-06
12 99 0
13 0 0
13 1 2.49921e-06
13 2 5.11714e-06
13 3 7.97538e-06
13 4 1.12013e-05
13 5 1.49307e-05
13 6 1.93106e-05
13 7 2.45015e-05
13 8 3.06801e-05
13 9 3.80405e-05
13 10 4.67964e-05
13 11 5.71817e-05
13 12 6.94514e-05
13 13 8.3881e-05
13 14 0.000100766
13 15 0.00012042
13 16 0.00014317
13 17 0.000169356
13 18 0.000199325
13 19 0.00023342
13 20 0.00027198
13 21 0.000315326
13 22 0.000363756
13 23 0.000417529
13 24 0.000476859
13 25 0.000541901
13 26 0.00061274
13 27 0.00068938
13 28 0.000771733
13 29 0.000859608
13 30 0.000952705
13 31 0.00105061
13 32 0.00115278
13 33 0.00125857
13 34 0.0013672
13 35 0.00147777
13 36 0.0015893
13 37 0.0017007
13 38 0.00181079
13 39 0.00191837
13 40 0.00202218
13 41 0.00212093
13 42 0.00221337
13 43 0.00229827
13 44 0.00237449
13 45 0.00244096
13 46 0.00249672
13 47 0.00254097
13 48 0.00257306
13 49 0.0025925
13 50 0.00259902
13 51 0.0025925
13 52 0.00257306
13 53 0.00254097
13 54 0.00249672
13 55 0.00244096
13 56 0.00237449
13 57 0.00229827
13 58 0.00221337
13 59 0.00212093
13 60 0.00202218
13 61 0.00191837
13 62 0.00181079
13 63 0.0017007
13 64 0.0015893
13 65 0.00147777
13 66 0.0013672
13 67 0.00125857
13 68 0.00115278
13 69 0.00105061
13 70 0.000952705
13 71 0.000859607
13 72 0.000771732
13 73 0.000689379
13 74 0.000612738
13 75 0.000541898
13 76 0.000476856
13 77 0.000417524
13 78 0.000363749
13 79 0.000315317
13 80 0.000271967
13 81 0.000233403
13 82 0.000199301
13 83 0.000169324
13 84 0.000143126
13 85 0.00012036
13 86 0.000100685
13 87 8.37725e-05
13 88 6.93063e-05
13 89 5.69888e-05
13 90 4.65412e-05
13 91 3.77048e-05
13 92 3.02406e-05
13 93 2.39291e-05
13 94 1.8569e-05
13 95 1.39751e-05
13 96 9.97635e-06
13 97 6.41347e-06
13 98 3.13612e-06
13 99 0
14 0 0
14 1 3.00327e-06
14 2 6.14913e-06
14 3 9.58367e-06
14 4 1.34598e-05
14 5 1.79407e-05
14 6 2.3203e-05
14 7 2.94394e-05
14 8 3.6862e-05
14 9 4.5704e-05
14 10 5.62219e-05
14 11 6.86967e-05
14 12 8.34344e-05
14 13 0.000100766
14 14 0.000121046
14 15 0.00014465
14 16 0.000171973
14 17 0.000203422
14 18 0.000239412
14 19 0.000280356
14 20 0.000326661
14 21 0.000378712
14 22 0.000436865
14 23 0.000501434
14 24 0.000572673
14 25 0.000650769
14 26 0.000735823
14 27 0.000827841
14 28 0.000926715
14 29 0.00103222
14 30 0.00114399
14 31 0.00126153
14 32 0.00138419
14 33 0.00151119
14 34 0.0016416
14 35 0.00177434
14 36 0.00190822
14 37 0.00204195
14 38 0.00217412
14 39 0.00230326
14 40 0.00242786
14 41 0.0025464
14 42 0.00265737
14 43 0.00275929
14 44 0.00285078
14 45 0.00293056
14 46 0.00299749
14 47 0.00305061
14 48 0.00308913
14 49 0.00311247
14 50 0.00312029
14 51 0.00311247
14 52 0.00308913
14 53 0.00305061
14 54 0.00299749
14 55 0.00293056
14 56 0.00285078
14 57 0.00275929
14 58 0.00265737
14 59 0.0025464
14 60 0.00242786
14 61 0.00230326
14 62 0.00217412
14 63 0.00204195
14 64 0.00190822
14 65 0.00177434
14 66 0.0016416
14 67 0.00151119
14 68 0.00138419
14 69 0.00126153
14 70 0.00114399
14 71 0.00103222
14 72 0.000926715
14 73 0.00082784
14 74 0.000735821
14 75 0.000650766
14 76 0.000572669
14 77 0.000501428
14 78 0.000436858
14 79 0.000378701
14 80 0.000326646
14 81 0.000280335
14 82 0.000239383
14 83 0.000203383
14 84 0.00017192
14 85 0.000144579
14 86 0.000120949
14 87 0.000100636
14 88 8.326e-05
14 89 6.84648e-05
14 90 5.59152e-05
14 91 4.53004e-05
14 92 3.63336e-05
14 93 2.87514e-05
14 94 2.23117e-05
14 95 1.67922e-05
14 96 1.19876e-05
14 97 7.70658e-06
14 98 3.76847e-06
14 99 0
15 0 0
15 1 3.59017e-06
15 2 7.35073e-06
15 3 1.14562e-05
15 4 1.60894e-05
15 5 2.14453e-05
15 6 2.77347e-05
15 7 3.51881e-05
15 8 4.40587e-05
15 9 5.46252e-05
15 10 6.7194e-05
15 11 8.21006e-05
15 12 9.97107e-05
15 13 0.00012042
15 14 0.00014465
15 15 0.000172853
15 16 0.000205496
15 17 0.000243069
15 18 0.000286064
15 19 0.000334978
15 20 0.000390294
15 21 0.000452473
15 22 0.00052194
15 23 0.000599067
15 24 0.000684161
15 25 0.000777444
15 26 0.000879036
15 27 0.000988943
15 28 0.00110704
15 29 0.00123305
15 30 0.00136654
15 31 0.00150692
15 32 0.00165341
15 33 0.00180509
15 34 0.00196082
15 35 0.00211935
15 36 0.00227924
15 37 0.00243894
15 38 0.00259677
15 39 0.00275099
15 40 0.00289979
15 41 0.00304135
15 42 0.00317386
15 43 0.00329556
15 44 0.00340482
15 45 0.00350009
15 46 0.00358002
15 47 0.00364344
15 48 0.00368944
15 49 0.00371731
15 50 0.00372665
15 51 0.00371731
15 52 0.00368944
15 53 0.00364344
15 54 0.00358002
15 55 0.00350009
15 56 0.00340482
15 57 0.00329556
15 58 0.00317386
15 59 0.00304135
15 60 0.00289979
15 61 0.00275099
15 62 0.00259677
15 63 0.00243894
15 64 0.00227924
15 65 0.00211935
15 66 0.00196082
15 67 0.00180509
15 68 0.00165341
15 69 0.00150692
15 70 0.00136654
15 71 0.00123304
15 72 0.00110704
15 73 0.000988941
15 74 0.000879034
15 75 0.000777441
15 76 0.000684157
15 77 0.000599061
15 78 0.000521931
15 79 0.00045246
15 80 0.000390276
15 81 0.000334953
15 82 0.00028603
15 83 0.000243022
15 84 0.000205433
15 85 0.000172767
15 86 0.000144534
15 87 0.000120264
15 88 9.95022e-05
15 89 8.18233e-05
15 90 6.68272e-05
15 91 5.41425e-05
15 92 4.34269e-05
15 93 3.43653e-05
15 94 2.66689e-05
15 95 2.0072e-05
15 96 1.43293e-05
15 97 9.21212e-06
15 98 4.50471e-06
15 99 0
16 0 0
16 1 4.26976e-06
16 2 8.7421e-06
16 3 1.36245e-05
16 4 1.91342e-05
16 5 2.5503e-05
16 6 3.29816e-05
16 7 4.18438e-05
16 8 5.23907e-05
16 9 6.49535e-05
16 10 7.98962e-05
16 11 9.76177e-05
16 12 0.000118552
16 13 0.00014317
16 14 0.000171973
16 15 0.000205496
16 16 0.000244298
16 17 0.000288956
16 18 0.000340059
16 19 0.000398195
16 20 0.000463938
16 21 0.000537836
16 22 0.000620394
16 23 0.000712053
16 24 0.000813178
16 25 0.000924031
16 26 0.00104476
16 27 0.00117536
16 28 0.00131569
16 29 0.00146542
16 30 0.00162404
16 31 0.00179084
16 32 0.00196491
16 33 0.00214513
16 34 0.00233017
16 35 0.00251853
16 36 0.0027085
16 37 0.00289824
16 38 0.00308576
16 39 0.00326899
16 40 0.00344578
16 41 0.00361396
16 42 0.00377138
16 43 0.00391598
16 44 0.00404578
16 45 0.00415896
16 46 0.00425392
16 47 0.00432928
16 48 0.00438392
16 49 0.00441703
16 50 0.00442813
16 51 0.00441703
16 52 0.00438392
16 53 0.00432928
16 54 0.00425392
16 55 0.00415896
16 56 0.00404578
16 57 0.00391598
16 58 0.00377138
16 59 0.00361396
16 60 0.00344578
16 61 0.00326899
16 62 0.00308576
16 63 0.00289824
16 64 0.0027085
16 65 0.00251853
16 66 0.00233017
16 67 0.00214513
16 68 0.00196491
16 69 0.00179084
16 70 0.00162404
16 71 0.00146542
16 72 0.00131569
16 73 0.00117536
16 74 0.00104475
16 75 0.000924028
16 76 0.000813173
16 77 0.000712046
16 78 0.000620383
16 79 0.000537821
16 80 0.000463917
16 81 0.000398166
16 82 0.000340019
16 83 0.000288901
16 84 0.000244223
16 85 0.000205394
16 86 0.000171835
16 87 0.000142984
16 88 0.000118304
16 89 9.72877e-05
16 90 7.94598e-05
16 91 6.43792e-05
16 92 5.16391e-05
16 93 4.08651e-05
16 94 3.17139e-05
16 95 2.38696e-05
16 96 1.70407e-05
16 97 1.09554e-05
16 98 5.35721e-06
16 99 0
17 0 0
17 1 5.05225e-06
17 2 1.03441e-05
17 3 1.6121e-05
17 4 2.26399e-05
17 5 3.01748e-05
17 6 3.90223e-05
17 7 4.95064e-05
17 8 6.19828e-05
17 9 7.68432e-05
17 10 9.45183e-05
17 11 0.00011548
17 12 0.00014024
17 13 0.000169356
17 14 0.000203422
17 15 0.000243069
17 16 0.000288956
17 17 0.000341769
17 18 0.000402201
17 19 0.000470948
17 20 0.000548689
17 21 0.000636071
17 22 0.00073369
17 23 0.000842069
17 24 0.000961638
17 25 0.00109271
17 26 0.00123544
17 27 0.00138986
17 28 0.00155577
17 29 0.00173279
17 30 0.00192032
17 31 0.00211752
17 32 0.0023233
17 33 0.00253635
17 34 0.0027551
17 35 0.00297777
17 36 0.00320234
17 37 0.00342664
17 38 0.00364831
17 39 0.00386491
17 40 0.00407388
17 41 0.00427269
17 42 0.00445878
17 43 0.0046297
17 44 0.00478313
17 45 0.00491692
17 46 0.00502917
17 47 0.00511824
17 48 0.00518283
17 49 0.00522197
17 50 0.00523508
17 51 0.00522197
17 52 0.00518283
17 53 0.00511824
17 54 0.00502917
17 55 0.00491692
17 56 0.00478313
17 57 0.0046297
17 58 0.00445878
17 59 0.00427269
17 60 0.00407388
17 61 0.00386491
17 62 0.00364831
17 63 0.00342664
17 64 0.00320234
17 65 0.00297777
17 66 0.0027551
17 67 0.00253635
17 68 0.0023233
17 69 0.00211752
17 70 0.00192032
17 71 0.00173279
17 72 0.00155577
17 73 0.00138986
17 74 0.00123544
17 75 0.0010927
17 76 0.000961631
17 77 0.00084206
17 78 0.000733677
17 79 0.000636053
17 80 0.000548664
17 81 0.000470913
17 82 0.000402153
17 83 0.000341703
17 84 0.000288867
17 85 0.000242947
17 86 0.000203259
17 87 0.000169137
17 88 0.000139947
17 89 0.000115089
17 90 9.40017e-05
17 91 7.61635e-05
17 92 6.10931e-05
17 93 4.8348e-05
17 94 3.75219e-05
17 95 2.82417e-05
17 96 2.01623e-05
17 97 1.29624e-05
17 98 6.33872e-06
17 99 0
18 0 0
18 1 5.94801e-06
18 2 1.2178e-05
18 3 1.89788e-05
18 4 2.66528e-05
18 5 3.55225e-05
18 6 4.59369e-05
18 7 5.8277e-05
18 8 7.29617e-05
18 9 9.04517e-05
18 10 0.000111254
18 11 0.000135922
18 12 0.000165061
18 13 0.000199325
18 14 0.000239412
18 15 0.000286064
18 16 0.000340059
18 17 0.000402201
18 18 0.000473307
18 19 0.000554193
18 20 0.00064566
18 21 0.000748468
18 22 0.000863316
18 23 0.000990822
18 24 0.00113149
18 25 0.00128568
18 26 0.0014536
18 27 0.00163525
18 28 0.00183041
18 29 0.00203865
18 30 0.00225925
18 31 0.00249121
18 32 0.00273327
18 33 0.00298387
18 34 0.00324118
18 35 0.00350308
18 36 0.00376723
18 37 0.00403104
18 38 0.00429177
18 39 0.00454653
18 40 0.00479232
18 41 0.00502615
18 42 0.00524502
18 43 0.00544605
18 44 0.0056265
18 45 0.00578385
18 46 0.00591587
18 47 0.00602063
18 48 0.00609659
18 49 0.00614263
18 50 0.00615805
18 51 0.00614263
18 52 0.00609659
18 53 0.00602063
18 54 0.00591587
18 55 0.00578385
18 56 0.0056265
18 57 0.00544605
18 58 0.00524502
18 59 0.00502615
18 60 0.00479232
18 61 0.00454653
18 62 0.00429177
18 63 0.00403104
18 64 0.00376723
18 65 0.00350308
18 66 0.00324118
18 67 0.00298387
18 68 0.00273327
18 69 0.00249121
18 70 0.00225924
18 71 0.00203865
18 72 0.00183041
18 73 0.00163524
18 74 0.00145359
18 75 0.00128567
18 76 0.00113148
18 77 0.000990811
18 78 0.000863301
18 79 0.000748446
18 80 0.000645631
18 81 0.000554153
18 82 0.000473251
18 83 0.000402124
18 84 0.000339954
18 85 0.000285921
18 86 0.000239219
18 87 0.000199066
18 88 0.000164715
18 89 0.000135462
18 90 0.000110645
18 91 8.96512e-05
18 92 7.1914e-05
18 93 5.69129e-05
18 94 4.41701e-05
18 95 3.32463e-05
18 96 2.37356e-05
18 97 1.52599e-05
18 98 7.46227e-06
18 99 0
19 0 0
19 1 6.96742e-06
19 2 1.4265e-05
19 3 2.2231e-05
19 4 3.12195e-05
19 5 4.1608e-05
19 6 5.38052e-05
19 7 6.82573e-05
19 8 8.54544e-05
19 9 0.000105936
19 10 0.000130295
19 11 0.000159181
19 12 0.000193301
19 13 0.00023342
19 14 0.000280356
19 15 0.000334978
19 16 0.000398195
19 17 0.000470948
19 18 0.000554193
19 19 0.000648887
19 20 0.000755964
19 21 0.000876315
19 22 0.00101076
19 23 0.00116002
19 24 0.00132467
19 25 0.00150516
19 26 0.00170171
19 27 0.00191433
19 28 0.00214277
19 29 0.00238651
19 30 0.0026447
19 31 0.00291619
19 32 0.0031995
19 33 0.0034928
19 34 0.00379394
19 35 0.00410046
19 36 0.0044096
19 37 0.00471835
19 38 0.00502349
19 39 0.00532163
19 40 0.00560928
19 41 0.00588292
19 42 0.00613906
19 43 0.00637432
19 44 0.0065855
19 45 0.00676964
19 46 0.00692413
19 47 0.00704673
19 48 0.00713562
19 49 0.0071895
19 50 0.00720755
19 51 0.0071895
19 52 0.00713562
19 53 0.00704673
19 54 0.00692413
19 55 0.00676964
19 56 0.0065855
19 57 0.00637432
19 58 0.00613906
19 59 0.00588292
19 60 0.00560928
19 61 0.00532163
19 62 0.00502349
19 63 0.00471835
19 64 0.0044096
19 65 0.00410046
19 66 0.00379394
19 67 0.0034928
19 68 0.0031995
19 69 0.00291619
19 70 0.00264469
19 71 0.0023865
19 72 0.00214277
19 73 0.00191433
19 74 0.00170171
19 75 0.00150516
19 76 0.00132467
19 77 0.00116
19 78 0.00101074
19 79 0.000876291
19 80 0.00075593
19 81 0.000648839
19 82 0.000554127
19 83 0.000470858
19 84 0.000398072
19 85 0.00033481
19 86 0.00028013
19 87 0.000233116
19 88 0.000192896
19 89 0.000158642
19 90 0.000129582
19 91 0.000104998
19 92 8.42268e-05
19 93 6.6659e-05
19 94 5.17352e-05
19 95 3.89412e-05
19 96 2.78019e-05
19 97 1.78744e-05
19 98 8.74087e-06
19 99 0
20 0 0
20 1 8.12065e-06
20 2 1.6626e-05
20 3 2.59101e-05
20 4 3.63854e-05
20 5 4.8492e-05
20 6 6.27057e-05
20 7 7.95464e-05
20 8 9.9585e-05
20 9 0.00012345
20 10 0.000151832
20 11 0.000185488
20 12 0.00022524
20 13 0.00027198
20 14 0.000326661
20 15 0.000390294
20 16 0.000463938
20 17 0.000548689
20 18 0.00064566
20 19 0.000755964
20 20 0.000880691
20 21 0.00102088
20 22 0.00117747
20 23 0.00135132
20 24 0.0015431
20 25 0.00175332
20 26 0.00198223
20 27 0.00222986
20 28 0.00249591
20 29 0.00277977
20 30 0.00308046
20 31 0.00339663
20 32 0.00372656
20 33 0.00406813
20 34 0.00441882
20 35 0.00477577
20 36 0.00513576
20 37 0.0054953
20 38 0.00585063
20 39 0.00619781
20 40 0.00653277
20 41 0.00685141
20 42 0.00714967
20 43 0.00742362
20 44 0.00766952
20 45 0.00788394
20 46 0.00806383
20 47 0.00820659
20 48 0.0083101
20 49 0.00837283
20 50 0.00839385
20 51 0.00837283
20 52 0.0083101
20 53 0.00820659
20 54 0.00806383
20 55 0.00788394
20 56 0.00766952
20 57 0.00742362
20 58 0.00714967
20 59 0.00685141
20 60 0.00653277
20 61 0.00619781
20 62 0.00585063
20 63 0.0054953
20 64 0.00513576
20 65 0.00477577
20 66 0.00441882
20 67 0.00406813
20 68 0.00372656
20 69 0.00339663
20 70 0.00308046
20 71 0.00277977
20 72 0.00249591
20 73 0.00222986
20 74 0.00198223
20 75 0.00175331
20 76 0.00154309
20 77 0.0013513
20 78 0.00117745
20 79 0.00102085
20 80 0.000880651
20 81 0.000755909
20 82 0.000645583
20 83 0.000548583
20 84 0.000463794
20 85 0.000390098
20 86 0.000326397
20 87 0.000271626
20 88 0.000224767
20 89 0.000184859
20 90 0.000151001
20 91 0.000122356
20 92 9.81538e-05
20 93 7.76831e-05
20 94 6.02926e-05
20 95 4.53833e-05
20 96 3.24017e-05
20 97 2.0832e-05
20 98 1.01872e-05
20 99 0
21 0 0
21 1 9.41738e-06
21 2 1.92808e-05
21 3 3.00469e-05
21 4 4.2194e-05
21 5 5.62321e-05
21 6 7.27129e-05
21 7 9.22389e-05
21 8 0.000115472
21 9 0.00014314
21 10 0.000176045
21 11 0.000215061
21 12 0.000261144
21 13 0.000315326
21 14 0.000378712
21 15 0.000452473
21 16 0.000537836
21 17 0.000636071
21 18 0.000748468
21 19 0.000876315
21 20 0.00102088
21 21 0.00118335
21 22 0.00136484
21 23 0.00156632
21 24 0.00178858
21 25 0.0020322
21 26 0.00229748
21 27 0.00258445
21 28 0.00289276
21 29 0.0032217
21 30 0.00357014
21 31 0.00393652
21 32 0.00431883
21 33 0.00471461
21 34 0.00512097
21 35 0.00553458
21 36 0.00595171
21 37 0.00636831
21 38 0.00678003
21 39 0.00718229
21 40 0.0075704
21 41 0.00793959
21 42 0.00828518
21 43 0.00860258
21 44 0.00888749
21 45 0.00913593
21 46 0.00934436
21 47 0.00950976
21 48 0.00962969
21 49 0.00970237
21 50 0.00972672
21 51 0.00970237
21 52 0.00962969
21 53 0.00950976
21 54 0.00934436
21 55 0.00913593
21 56 0.00888749
21 57 0.00860258
21 58 0.00828518
21 59 0.00793959
21 60 0.0075704
21 61 0.00718229
21 62 0.00678003
21 63 0.00636831
21 64 0.00595171
21 65 0.00553458
21 66 0.00512097
21 67 0.00471461
21 68 0.00431883
21 69 0.00393651
21 70 0.00357013
21 71 0.0032217
21 72 0.00289276
21 73 0.00258445
21 74 0.00229748
21 75 0.00203219
21 76 0.00178857
21 77 0.0015663
21 78 0.00136482
21 79 0.00118332
21 80 0.00102083
21 81 0.000876251
21 82 0.000748378
21 83 0.000635949
21 84 0.000537669
21 85 0.000452246
21 86 0.000378406
21 87 0.000314916
21 88 0.000260596
21 89 0.000214332
21 90 0.00017508
21 91 0.000141872
21 92 0.000113812
21 93 9.00776e-05
21 94 6.99139e-05
21 95 5.26265e-05
21 96 3.75737e-05
21 97 2.41575e-05
21 98 1.18136e-05
21 99 0
22 0 0
22 1 1.08666e-05
22 2 2.22476e-05
22 3 3.46699e-05
22 4 4.86852e-05
22 5 6.48817e-05
22 6 8.38957e-05
22 7 0.000106422
22 8 0.000133224
22 9 0.000165142
22 10 0.000203098
22 11 0.000248104
22 12 0.00030126
22 13 0.000363756
22 14 0.000436865
22 15 0.00052194
22 16 0.000620394
22 17 0.00073369
22 18 0.000863316
22 19 0.00101076
22 20 0.00117747
22 21 0.00136484
22 22 0.00157413
22 23 0.00180647
22 24 0.00206277
22 25 0.0023437
22 26 0.0026496
22 27 0.0029805
22 28 0.003336
22 29 0.00371528
22 30 0.00411704
22 31 0.00453949
22 32 0.00498029
22 33 0.00543663
22 34 0.00590515
22 35 0.00638202
22 36 0.00686295
22 37 0.00734327
22 38 0.00781794
22 39 0.00828172
22 40 0.00872917
22 41 0.00915482
22 42 0.00955324
22 43 0.00991917
22 44 0.0102476
22 45 0.0105341
22 46 0.0107743
22 47 0.010965
22 48 0.0111033
22 49 0.0111871
22 50 0.0112152
22 51 0.0111871
22 52 0.0111033
22 53 0.010965
22 54 0.0107743
22 55 0.0105341
22 56 0.0102476
22 57 0.00991917
22 58 0.00955324
22 59 0.00915482
22 60 0.00872917
22 61 0.00828172
22 62 0.00781794
22 63 0.00734327
22 64 0.00686295
22 65 0.00638202
22 66 0.00590515
22 67 0.00543663
22 68 0.00498029
22 69 0.00453948
22 70 0.00411704
22 71 0.00371528
22 72 0.003336
22 73 0.00298049
22 74 0.00264959
22 75 0.00234369
22 76 0.00206276
22 77 0.00180645
22 78 0.00157411
22 79 0.0013648
22 80 0.00117742
22 81 0.00101068
22 82 0.000863213
22 83 0.000733549
22 84 0.000620201
22 85 0.000521678
22 86 0.000436512
22 87 0.000363282
22 88 0.000300627
22 89 0.000247262
22 90 0.000201985
22 91 0.000163678
22 92 0.000131308
22 93 0.000103928
22 94 8.06654e-05
22 95 6.07206e-05
22 96 4.33533e-05
22 97 2.78738e-05
22 98 1.3631e-05
22 99 0
23 0 0
23 1 1.2476e-05
23 2 2.55425e-05
23 3 3.98042e-05
23 4 5.58942e-05
23 5 7.44875e-05
23 6 9.63145e-05
23 7 0.000122173
23 8 0.000152938
23 9 0.000189574
23 10 0.000233139
23 11 0.000284795
23 12 0.000345803
23 13 0.000417529
23 14 0.000501434
23 15 0.000599067
23 16 0.000712053
23 17 0.000842069
23 18 0.000990822
23 19 0.00116002
23 20 0.00135132
23 21 0.00156632
23 22 0.00180647
23 23 0.00207307
23 24 0.00236715
23 25 0.00268947
23 26 0.00304046
23 27 0.00342012
23 28 0.003828
23 29 0.00426315
23 30 0.00472409
23 31 0.00520875
23 32 0.00571447
23 33 0.00623801
23 34 0.00677551
23 35 0.00732259
23 36 0.00787432
23 37 0.00842534
23 38 0.00896989
23 39 0.00950192
23 40 0.0100152
23 41 0.0105035
23 42 0.0109606
23 43 0.0113803
23 44 0.0117571
23 45 0.0120857
23 46 0.0123614
23 47 0.0125801
23 48 0.0127387
23 49 0.0128348
23 50 0.012867
23 51 0.0128348
23 52 0.0127387
23 53 0.0125801
23 54 0.0123614
23 55 0.0120857
23 56 0.0117571
23 57 0.0113803
23 58 0.0109606
23 59 0.0105035
23 60 0.0100152
23 61 0.00950192
23 62 0.00896989
23 63 0.00842534
23 64 0.00787432
23 65 0.00732259
23 66 0.00677551
23 67 0.00623801
23 68 0.00571447
23 69 0.00520875
23 70 0.00472409
23 71 0.00426315
23 72 0.00382799
23 73 0.00342011
23 74 0.00304045
23 75 0.00268946
23 76 0.00236713
23 77 0.00207304
23 78 0.00180644
23 79 0.00156627
23 80 0.00135126
23 81 0.00115993
23 82 0.000990704
23 83 0.000841907
23 84 0.000711832
23 85 0.000598767
23 86 0.000501028
23 87 0.000416984
23 88 0.000345076
23 89 0.000283828
23 90 0.000231861
23 91 0.000187892
23 92 0.000150737
23 93 0.000119308
23 94 9.26051e-05
23 95 6.97094e-05
23 96 4.97719e-05
23 97 3.20009e-05
23 98 1.56494e-05
23 99 0
24 0 0
24 1 1.42523e-05
24 2 2.91789e-05
24 3 4.54704e-05
24 4 6.38498e-05
24 5 8.5088e-05
24 6 0.000110019
24 7 0.000139553
24 8 0.000174691
24 9 0.000216533
24 10 0.000266288
24 11 0.00032528
24 12 0.000394951
24 13 0.000476859
24 14 0.000572673
24 15 0.000684161
24 16 0.000813178
24 17 0.000961638
24 18 0.00113149
24 19 0.00132467
24 20 0.0015431
24 21 0.00178858
24 22 0.00206277
24 23 0.00236715
24 24 0.0027029
24 25 0.00307089
24 26 0.0034716
24 27 0.00390503
24 28 0.00437067
24 29 0.00486745
24 30 0.00539365
24 31 0.00594693
